1764140169.434319258 0.0 0.0 0.0 0.0 0.0 0.0 1.0
1764140169.533942699 0.001 -0.0 -0.001 -0.0 0.0 0.0 1.0
1764140169.634014845 0.0 0.005 -0.002 -0.0 0.0 0.001 1.0
1764140169.734243393 -0.012 0.013 -0.002 -0.0 0.0 -0.0 1.0
1764140169.833785057 -0.006 0.018 0.0 -0.0 -0.0 -0.001 1.0
1764140169.934010506 0.013 -0.001 -0.002 -0.0 -0.0 -0.001 1.0
1764140170.33543110 0.027 0.001 0.001 0.0 -0.0 -0.002 1.0
1764140170.134022951 0.028 -0.005 -0.001 -0.0 -0.0 -0.002 1.0
1764140170.233988285 0.029 -0.001 -0.001 -0.0 -0.0 -0.002 1.0
1764140170.335639238 0.018 -0.003 -0.002 -0.0 -0.0 -0.002 1.0
1764140170.433812618 0.014 0.012 -0.001 -0.0 -0.0 -0.002 1.0
1764140170.533956289 0.013 0.003 -0.001 -0.0 -0.0 -0.002 1.0
1764140170.634291172 0.017 0.001 -0.001 -0.0 -0.0 -0.002 1.0
1764140170.734386444 0.015 -0.009 -0.001 -0.0 -0.0 -0.003 1.0
1764140170.834645748 0.01 0.002 -0.001 -0.0 -0.0 -0.003 1.0
1764140170.934253693 0.0 0.007 -0.0 0.0 -0.0 -0.003 1.0
1764140171.34456491 -0.003 0.004 -0.001 -0.0 -0.0 -0.002 1.0
1764140171.134619713 -0.002 0.011 -0.002 -0.0 -0.0 -0.002 1.0
1764140171.234787703 -0.002 0.007 -0.001 -0.0 -0.0 -0.002 1.0
1764140171.335017204 0.025 -0.024 -0.003 -0.0 -0.0 -0.002 1.0
1764140171.434558868 0.047 0.011 -0.004 -0.0 -0.0 -0.003 1.0
1764140171.534813643 0.095 -0.013 -0.002 -0.0 -0.0 -0.005 1.0
1764140171.634998798 0.125 -0.032 -0.005 -0.0 -0.0 -0.006 1.0
1764140171.734599829 0.18 -0.033 -0.002 -0.0 -0.0 -0.007 1.0
1764140171.834753513 0.241 -0.057 -0.005 -0.0 -0.0 -0.008 1.0
1764140171.934326649 0.307 -0.088 -0.004 -0.0 -0.0 -0.01 1.0
1764140172.34565926 0.369 -0.106 -0.003 -0.0 -0.0 -0.012 1.0
1764140172.134771824 0.49 -0.132 -0.005 -0.001 -0.001 -0.01 1.0
1764140172.234317541 0.568 -0.091 -0.011 -0.001 -0.001 -0.015 1.0
1764140172.334486961 0.671 -0.163 -0.006 -0.001 -0.001 -0.019 1.0
1764140172.434712887 0.778 -0.14 -0.016 -0.001 -0.001 -0.027 1.0
1764140172.534969807 0.887 -0.247 -0.022 -0.001 -0.001 -0.035 0.999
1764140172.634562016 0.986 -0.211 -0.025 -0.002 -0.001 -0.047 0.999
1764140172.734063387 1.093 -0.321 -0.017 -0.001 -0.001 -0.054 0.999
1764140172.834297180 1.2 -0.347 -0.027 -0.002 -0.002 -0.06 0.998
1764140172.933808327 1.293 -0.419 -0.013 -0.001 -0.002 -0.06 0.998
1764140173.34006596 1.385 -0.474 -0.015 -0.001 -0.002 -0.061 0.998
1764140173.134223938 1.49 -0.503 -0.014 -0.001 -0.002 -0.062 0.998
1764140173.235104322 1.62 -0.521 -0.019 -0.002 -0.002 -0.065 0.998
1764140173.335347652 1.737 -0.565 -0.021 -0.002 -0.002 -0.063 0.998
1764140173.434916973 1.819 -0.593 -0.023 -0.002 -0.002 -0.067 0.998
1764140173.535125971 1.942 -0.68 -0.018 -0.002 -0.002 -0.063 0.998
1764140173.635722637 2.078 -0.696 -0.03 -0.002 -0.003 -0.065 0.998
1764140173.734855652 2.199 -0.765 -0.023 -0.001 -0.003 -0.066 0.998
1764140173.835046768 2.324 -0.794 -0.034 -0.002 -0.003 -0.066 0.998
1764140173.935334444 2.445 -0.839 -0.017 -0.001 -0.003 -0.07 0.998
1764140174.34821272 2.589 -0.904 -0.032 -0.002 -0.003 -0.07 0.998
1764140174.135028362 2.689 -0.958 -0.039 -0.001 -0.003 -0.073 0.997
1764140174.234587193 2.815 -1.025 -0.046 -0.001 -0.003 -0.071 0.997
1764140174.334827423 2.954 -1.049 -0.038 -0.002 -0.003 -0.072 0.997
1764140174.435060263 3.089 -1.164 -0.023 -0.001 -0.003 -0.069 0.998
1764140174.535243511 3.225 -1.189 -0.007 -0.001 -0.003 -0.069 0.998
1764140174.634843349 3.347 -1.222 -0.009 -0.001 -0.003 -0.07 0.998
1764140174.735077858 3.464 -1.285 -0.014 -0.001 -0.003 -0.067 0.998
1764140174.834622383 3.601 -1.299 -0.037 -0.001 -0.004 -0.068 0.998
1764140174.934781075 3.686 -1.414 -0.038 -0.002 -0.004 -0.064 0.998
1764140175.34330845 3.821 -1.428 -0.048 -0.002 -0.004 -0.059 0.998
1764140175.137760878 3.964 -1.514 -0.029 -0.001 -0.004 -0.049 0.999
1764140175.234801292 4.135 -1.547 -0.033 -0.001 -0.003 -0.042 0.999
1764140175.334995031 4.261 -1.566 -0.046 -0.001 -0.003 -0.035 0.999
1764140175.435200691 4.381 -1.605 -0.05 -0.002 -0.003 -0.031 1.0
1764140175.535378218 4.501 -1.634 -0.047 -0.002 -0.004 -0.028 1.0
1764140175.635629892 4.619 -1.641 -0.045 -0.002 -0.004 -0.026 1.0
1764140175.735866070 4.776 -1.645 -0.037 -0.002 -0.004 -0.025 1.0
1764140175.836036682 4.924 -1.699 -0.026 -0.001 -0.004 -0.028 1.0
1764140175.935622215 5.085 -1.721 -0.024 -0.001 -0.004 -0.03 1.0
1764140176.35160542 5.257 -1.779 -0.01 -0.001 -0.004 -0.027 1.0
1764140176.135382652 5.384 -1.85 -0.003 -0.001 -0.004 -0.025 1.0
1764140176.235570431 5.539 -1.86 -0.003 -0.001 -0.004 -0.025 1.0
1764140176.335166454 5.697 -1.925 0.006 -0.0 -0.004 -0.021 1.0
1764140176.435369253 5.789 -1.893 -0.021 -0.001 -0.005 -0.025 1.0
1764140176.535568953 5.926 -2.029 0.001 -0.0 -0.005 -0.025 1.0
1764140176.637194157 6.066 -2.027 -0.019 -0.001 -0.005 -0.027 1.0
1764140176.738449574 6.209 -2.082 -0.015 -0.001 -0.005 -0.029 1.0
1764140176.834920883 6.35 -2.121 -0.014 -0.001 -0.005 -0.03 1.0
1764140176.934484959 6.495 -2.258 0.0 -0.0 -0.005 -0.025 1.0
1764140177.34646511 6.634 -2.254 -0.014 -0.001 -0.006 -0.018 1.0
1764140177.134821415 6.787 -2.277 -0.014 -0.0 -0.006 -0.011 1.0
1764140177.235087633 6.944 -2.323 -0.022 -0.001 -0.006 -0.006 1.0
1764140177.335335016 7.111 -2.295 -0.035 -0.001 -0.006 -0.004 1.0
1764140177.436899900 7.272 -2.326 -0.034 -0.001 -0.006 -0.003 1.0
1764140177.537217379 7.447 -2.376 -0.028 -0.001 -0.006 -0.002 1.0
1764140177.635944843 7.615 -2.36 -0.027 -0.001 -0.006 -0.004 1.0
1764140177.735451221 7.786 -2.426 -0.026 -0.001 -0.006 -0.001 1.0
1764140177.835658073 7.934 -2.477 -0.051 -0.001 -0.006 -0.007 1.0
1764140177.935872555 8.072 -2.551 -0.04 -0.001 -0.006 -0.008 1.0
1764140178.35460949 8.215 -2.585 -0.049 -0.001 -0.007 -0.011 1.0
1764140178.135701418 8.378 -2.598 -0.05 -0.001 -0.007 -0.012 1.0
1764140178.235925674 8.553 -2.633 -0.045 -0.0 -0.007 -0.017 1.0
1764140178.337908268 8.756 -2.687 -0.018 0.0 -0.007 -0.017 1.0
1764140178.435671806 8.884 -2.761 -0.004 0.001 -0.007 -0.015 1.0
1764140178.535164595 9.088 -2.818 -0.012 0.001 -0.006 -0.013 1.0
1764140178.635406494 9.251 -2.789 -0.02 0.0 -0.007 -0.012 1.0
1764140178.735620975 9.359 -2.824 -0.003 0.001 -0.007 -0.015 1.0
1764140178.835816622 9.482 -2.815 -0.025 -0.001 -0.007 -0.013 1.0
1764140178.936026096 9.586 -2.817 -0.026 -0.001 -0.007 -0.018 1.0
1764140179.35639286 9.748 -2.848 -0.019 -0.001 -0.007 -0.021 1.0
1764140179.135793686 9.885 -2.911 -0.027 -0.002 -0.007 -0.024 1.0
1764140179.235571861 10.057 -2.99 -0.002 -0.001 -0.007 -0.026 1.0
1764140179.335592031 10.201 -3.034 -0.02 -0.002 -0.008 -0.027 1.0
1764140179.435104370 10.372 -3.066 -0.021 -0.004 -0.007 -0.027 1.0
1764140179.535319567 10.535 -3.026 -0.035 -0.004 -0.008 -0.03 1.0
1764140179.634900093 10.692 -3.201 -0.029 -0.003 -0.008 -0.028 1.0
1764140179.735794067 10.868 -3.126 -0.022 -0.002 -0.008 -0.025 1.0
1764140179.835986137 10.985 -3.161 -0.05 -0.003 -0.009 -0.031 0.999
1764140179.936176777 11.118 -3.247 -0.029 -0.004 -0.009 -0.035 0.999
1764140180.36441803 11.286 -3.25 -0.016 -0.004 -0.009 -0.045 0.999
1764140180.136013269 11.443 -3.357 0.001 -0.003 -0.009 -0.052 0.999
1764140180.236154795 11.596 -3.411 -0.009 -0.003 -0.009 -0.06 0.998
1764140180.335707426 11.723 -3.499 0.026 -0.002 -0.009 -0.066 0.998
1764140180.435919285 11.894 -3.579 0.011 -0.002 -0.009 -0.073 0.997
1764140180.536138535 12.059 -3.625 0.015 -0.002 -0.01 -0.082 0.997
1764140180.635730743 12.184 -3.775 0.041 -0.002 -0.009 -0.086 0.996
1764140180.735961914 12.34 -3.779 0.036 -0.002 -0.01 -0.09 0.996
1764140180.836121082 12.473 -3.965 0.053 -0.002 -0.009 -0.093 0.996
1764140180.936325788 12.695 -3.949 0.024 -0.003 -0.01 -0.099 0.995
1764140181.35881996 12.796 -4.052 0.047 -0.002 -0.009 -0.104 0.995
1764140181.136090755 12.953 -4.091 0.058 -0.002 -0.01 -0.107 0.994
1764140181.236308098 13.072 -4.155 0.064 -0.001 -0.01 -0.113 0.994
1764140181.335869074 13.225 -4.231 0.066 -0.001 -0.01 -0.115 0.993
1764140181.436686993 13.346 -4.283 0.068 -0.001 -0.01 -0.119 0.993
1764140181.537418365 13.505 -4.322 0.08 -0.002 -0.01 -0.122 0.993
1764140181.635215282 13.631 -4.528 0.093 -0.001 -0.011 -0.114 0.993
1764140181.736074686 13.778 -4.505 0.078 -0.001 -0.011 -0.113 0.994
1764140181.836263418 13.877 -4.563 0.057 0.001 -0.011 -0.115 0.993
1764140181.936500072 14.048 -4.65 0.013 -0.002 -0.012 -0.122 0.992
1764140182.36690712 14.174 -4.683 0.07 -0.003 -0.012 -0.127 0.992
1764140182.136291981 14.352 -4.759 0.084 -0.003 -0.012 -0.128 0.992
1764140182.235809326 14.484 -4.846 0.112 0.0 -0.011 -0.126 0.992
1764140182.336669922 14.642 -4.951 0.09 0.001 -0.012 -0.125 0.992
1764140182.436886072 14.812 -4.997 0.094 0.0 -0.012 -0.132 0.991
1764140182.536434174 14.945 -5.078 0.121 -0.0 -0.012 -0.13 0.991
1764140182.636681080 15.066 -5.11 0.099 -0.0 -0.013 -0.133 0.991
1764140182.736197233 15.145 -5.199 0.097 0.0 -0.013 -0.131 0.991
1764140182.836466551 15.281 -5.257 0.083 0.001 -0.013 -0.128 0.992
1764140182.936659575 15.412 -5.36 0.083 0.001 -0.013 -0.121 0.993
1764140183.37445545 15.57 -5.383 0.115 0.001 -0.013 -0.114 0.993
1764140183.138345242 15.72 -5.515 0.116 0.001 -0.013 -0.103 0.995
1764140183.236603260 15.843 -5.589 0.12 0.001 -0.014 -0.095 0.995
1764140183.336819172 15.987 -5.625 0.098 0.002 -0.014 -0.091 0.996
1764140183.437069178 16.143 -5.6 0.115 0.0 -0.014 -0.09 0.996
1764140183.536585808 16.288 -5.691 0.116 0.001 -0.014 -0.087 0.996
1764140183.636184216 16.431 -5.786 0.149 -0.0 -0.013 -0.084 0.996
1764140183.736385584 16.612 -5.873 0.203 0.002 -0.013 -0.079 0.997
1764140183.835909128 16.73 -5.886 0.211 0.004 -0.013 -0.078 0.997
1764140183.937560558 16.872 -5.939 0.2 0.005 -0.014 -0.077 0.997
1764140184.36355972 16.978 -5.996 0.034 0.014 -0.02 -0.08 0.997
1764140184.136602402 17.085 -5.988 0.063 0.011 -0.021 -0.084 0.996
1764140184.236093521 17.253 -6.066 0.086 0.011 -0.021 -0.082 0.996
1764140184.336320400 17.447 -6.163 0.124 0.011 -0.021 -0.077 0.997
1764140184.436522961 17.612 -6.209 0.201 0.007 -0.015 -0.074 0.997
1764140184.536738157 17.813 -6.301 0.212 0.006 -0.014 -0.069 0.998
1764140184.637509346 17.965 -6.305 0.224 0.004 -0.013 -0.063 0.998
1764140184.738538504 18.124 -6.392 0.24 0.004 -0.014 -0.057 0.998
1764140184.837417841 18.246 -6.43 0.233 0.003 -0.014 -0.052 0.999
1764140184.937626362 18.388 -6.46 0.244 0.003 -0.014 -0.048 0.999
1764140185.37146568 18.516 -6.504 0.251 0.003 -0.014 -0.044 0.999
1764140185.137362480 18.653 -6.564 0.253 0.004 -0.014 -0.041 0.999
1764140185.236911297 18.801 -6.554 0.24 0.003 -0.015 -0.04 0.999
1764140185.337149620 18.95 -6.628 0.252 0.004 -0.015 -0.037 0.999
1764140185.437355042 19.13 -6.683 0.273 0.005 -0.015 -0.035 0.999
1764140185.537958145 19.284 -6.725 0.252 0.005 -0.015 -0.04 0.999
1764140185.637164593 19.436 -6.778 0.266 0.005 -0.016 -0.04 0.999
1764140185.736655712 19.557 -6.795 0.259 0.004 -0.016 -0.043 0.999
1764140185.836867332 19.717 -6.819 0.259 0.004 -0.016 -0.045 0.999
1764140185.937140942 19.868 -6.873 0.251 0.003 -0.016 -0.047 0.999
1764140186.36645174 20.003 -6.97 0.262 0.004 -0.016 -0.047 0.999
1764140186.136880159 20.191 -6.918 0.269 0.003 -0.016 -0.048 0.999
1764140186.236908674 20.317 -7.041 0.261 0.004 -0.016 -0.046 0.999
1764140186.336646557 20.527 -7.107 0.272 0.004 -0.017 -0.043 0.999
1764140186.436827898 20.711 -7.197 0.282 0.004 -0.017 -0.038 0.999
1764140186.536404133 20.872 -7.235 0.292 0.004 -0.017 -0.032 0.999
1764140186.636590242 21.022 -7.227 0.293 0.004 -0.017 -0.029 0.999
1764140186.736805916 21.106 -7.281 0.289 0.004 -0.017 -0.027 0.999
1764140186.837065220 21.217 -7.331 0.288 0.004 -0.017 -0.02 1.0
1764140186.937267780 21.372 -7.346 0.29 0.004 -0.017 -0.013 1.0
1764140187.38565636 21.457 -7.331 0.278 0.004 -0.017 -0.009 1.0
1764140187.137019873 21.68 -7.406 0.301 0.004 -0.018 0.006 1.0
1764140187.237916946 21.807 -7.383 0.298 0.004 -0.018 0.011 1.0
1764140187.337428570 21.955 -7.454 0.318 0.003 -0.018 0.023 1.0
1764140187.437661171 22.081 -7.481 0.32 0.003 -0.018 0.03 0.999
1764140187.537868023 22.187 -7.409 0.318 0.001 -0.018 0.026 1.0
1764140187.637444735 22.338 -7.44 0.319 0.001 -0.018 0.032 0.999
1764140187.737709284 22.448 -7.4 0.313 0.0 -0.018 0.032 0.999
1764140187.837215424 22.551 -7.408 0.323 0.0 -0.018 0.033 0.999
1764140187.938367844 22.7 -7.406 0.318 -0.001 -0.018 0.031 0.999
1764140188.36975384 22.849 -7.505 0.319 -0.0 -0.018 0.032 0.999
1764140188.137202024 22.976 -7.476 0.339 -0.001 -0.018 0.031 0.999
1764140188.237412453 23.113 -7.534 0.343 -0.001 -0.018 0.029 0.999
1764140188.336916924 23.281 -7.531 0.355 -0.0 -0.019 0.03 0.999
1764140188.437139511 23.428 -7.564 0.35 -0.0 -0.019 0.032 0.999
1764140188.537376642 23.536 -7.553 0.351 -0.001 -0.019 0.03 0.999
1764140188.637589455 23.651 -7.614 0.354 -0.001 -0.019 0.03 0.999
1764140188.737862825 23.777 -7.61 0.36 -0.001 -0.019 0.029 0.999
1764140188.837344170 23.898 -7.64 0.357 -0.001 -0.019 0.027 0.999
1764140188.937541008 24.044 -7.625 0.347 -0.002 -0.019 0.024 1.0
1764140189.37805080 24.163 -7.638 0.356 -0.001 -0.019 0.021 1.0
1764140189.137415409 24.279 -7.699 0.393 -0.0 -0.02 0.018 1.0
1764140189.237562895 24.394 -7.735 0.4 0.0 -0.02 0.017 1.0
1764140189.337802172 24.52 -7.749 0.406 -0.0 -0.02 0.015 1.0
1764140189.437374115 24.636 -7.795 0.4 0.0 -0.02 0.014 1.0
1764140189.537933588 24.748 -7.839 0.399 -0.0 -0.021 0.012 1.0
1764140189.637714863 24.903 -7.85 0.398 0.0 -0.021 0.01 1.0
1764140189.737923384 25.029 -7.879 0.401 -0.0 -0.021 0.008 1.0
1764140189.838185787 25.178 -7.886 0.38 -0.001 -0.021 0.008 1.0
1764140189.937726021 25.294 -7.903 0.395 -0.002 -0.021 0.006 1.0
1764140190.37904263 25.441 -7.923 0.4 -0.001 -0.021 0.005 1.0
1764140190.137453079 25.558 -7.93 0.405 -0.001 -0.021 0.003 1.0
1764140190.237724304 25.669 -8.025 0.421 -0.002 -0.021 0.004 1.0
1764140190.337968826 25.8 -7.997 0.422 -0.002 -0.021 0.003 1.0
1764140190.437434435 25.963 -8.039 0.406 -0.002 -0.021 0.004 1.0
1764140190.537648201 26.067 -8.062 0.392 -0.003 -0.022 0.002 1.0
1764140190.637854576 26.198 -8.08 0.42 -0.002 -0.022 -0.001 1.0
1764140190.738082409 26.398 -8.105 0.402 -0.003 -0.022 -0.002 1.0
1764140190.837669373 26.546 -8.152 0.42 -0.003 -0.022 -0.005 1.0
1764140190.937925100 26.71 -8.206 0.425 -0.003 -0.022 -0.004 1.0
1764140191.37396431 26.881 -8.172 0.411 -0.003 -0.022 -0.006 1.0
1764140191.138374805 27.056 -8.243 0.415 -0.002 -0.022 -0.009 1.0
1764140191.237871647 27.187 -8.268 0.417 -0.002 -0.022 -0.012 1.0
1764140191.338031769 27.326 -8.319 0.424 -0.002 -0.023 -0.018 1.0
1764140191.437581539 27.475 -8.382 0.449 -0.002 -0.023 -0.017 1.0
1764140191.537799835 27.639 -8.376 0.422 -0.003 -0.023 -0.021 1.0
1764140191.638019085 27.79 -8.438 0.454 -0.002 -0.023 -0.022 0.999
1764140191.738276958 27.942 -8.439 0.451 -0.004 -0.023 -0.023 0.999
1764140191.841269970 28.125 -8.507 0.443 -0.004 -0.023 -0.026 0.999
1764140191.937987804 28.24 -8.572 0.461 -0.006 -0.023 -0.028 0.999
1764140192.38276672 28.379 -8.6 0.479 -0.004 -0.023 -0.028 0.999
1764140192.138424397 28.571 -8.634 0.47 -0.004 -0.024 -0.03 0.999
1764140192.238082409 28.711 -8.707 0.501 -0.004 -0.024 -0.031 0.999
1764140192.338196278 28.874 -8.725 0.499 -0.004 -0.024 -0.034 0.999
1764140192.438454151 29.063 -8.81 0.514 -0.003 -0.023 -0.031 0.999
1764140192.538676739 29.195 -8.811 0.533 -0.003 -0.024 -0.036 0.999
1764140192.638222694 29.319 -8.94 0.539 -0.002 -0.024 -0.036 0.999
1764140192.738451958 29.432 -8.904 0.498 -0.004 -0.025 -0.04 0.999
1764140192.837984085 29.559 -8.972 0.514 -0.004 -0.026 -0.047 0.999
1764140192.938142776 29.754 -9.022 0.532 -0.002 -0.026 -0.049 0.998
1764140193.37702084 29.888 -9.069 0.573 -0.003 -0.026 -0.051 0.998
1764140193.137950420 30.072 -9.088 0.595 -0.001 -0.025 -0.051 0.998
1764140193.237459421 30.306 -9.182 0.623 -0.001 -0.024 -0.052 0.998
1764140193.337691307 30.502 -9.251 0.63 -0.0 -0.025 -0.051 0.998
1764140193.438000202 30.589 -9.257 0.608 -0.001 -0.025 -0.054 0.998
1764140193.538118839 30.695 -9.237 0.603 -0.003 -0.025 -0.057 0.998
1764140193.637660980 30.805 -9.35 0.589 -0.001 -0.026 -0.052 0.998
1764140193.737863541 30.945 -9.398 0.604 -0.002 -0.026 -0.043 0.999
1764140193.838130236 31.141 -9.43 0.621 0.0 -0.026 -0.032 0.999
1764140193.938303471 31.309 -9.425 0.662 -0.0 -0.026 -0.027 0.999
1764140194.39175510 31.459 -9.492 0.665 -0.001 -0.026 -0.021 0.999
1764140194.140392780 31.568 -9.464 0.649 -0.002 -0.026 -0.023 0.999
1764140194.240360498 31.718 -9.477 0.628 -0.002 -0.026 -0.024 0.999
1764140194.339256287 31.842 -9.504 0.654 -0.002 -0.026 -0.026 0.999
1764140194.438701868 31.981 -9.555 0.664 -0.002 -0.026 -0.026 0.999
1764140194.538251400 32.11 -9.597 0.663 -0.001 -0.027 -0.026 0.999
1764140194.638457298 32.267 -9.655 0.651 -0.003 -0.026 -0.023 0.999
1764140194.738678217 32.439 -9.665 0.64 -0.003 -0.027 -0.024 0.999
1764140194.838932991 32.594 -9.678 0.656 -0.003 -0.027 -0.025 0.999
1764140194.938505173 32.741 -9.711 0.656 -0.004 -0.027 -0.028 0.999
1764140195.38676977 32.898 -9.739 0.646 -0.004 -0.027 -0.03 0.999
1764140195.138653755 32.996 -9.815 0.653 -0.003 -0.028 -0.032 0.999
1764140195.238446712 33.157 -9.842 0.615 -0.006 -0.027 -0.032 0.999
1764140195.338637829 33.335 -9.888 0.612 -0.007 -0.027 -0.033 0.999
1764140195.438283443 33.489 -9.924 0.617 -0.006 -0.027 -0.036 0.999
1764140195.538403511 33.663 -9.99 0.629 -0.006 -0.027 -0.035 0.999
1764140195.638651371 33.808 -9.993 0.644 -0.007 -0.027 -0.036 0.999
1764140195.738241196 33.985 -10.071 0.641 -0.006 -0.028 -0.036 0.999
1764140195.842623711 34.136 -10.046 0.631 -0.007 -0.028 -0.039 0.999
1764140195.938841581 34.269 -10.083 0.646 -0.007 -0.028 -0.042 0.999
1764140196.38826942 34.415 -10.135 0.69 -0.006 -0.029 -0.048 0.998
1764140196.139098167 34.582 -10.178 0.616 -0.008 -0.03 -0.054 0.998
1764140196.239262104 34.731 -10.252 0.654 -0.009 -0.029 -0.063 0.998
1764140196.339453697 34.941 -10.317 0.677 -0.008 -0.029 -0.072 0.997
1764140196.439078331 35.112 -10.31 0.757 -0.006 -0.029 -0.083 0.996
1764140196.539260864 35.286 -10.37 0.753 -0.006 -0.028 -0.092 0.995
1764140196.641570330 35.431 -10.485 0.766 -0.008 -0.028 -0.104 0.994
1764140196.739019871 35.583 -10.56 0.757 -0.009 -0.028 -0.113 0.993
1764140196.839215279 35.722 -10.608 0.745 -0.009 -0.029 -0.125 0.992
1764140196.938776255 35.873 -10.702 0.708 -0.005 -0.031 -0.135 0.99
1764140197.39013386 36.019 -10.766 0.748 -0.008 -0.03 -0.147 0.989
1764140197.138510466 36.137 -10.862 0.762 -0.009 -0.029 -0.157 0.987
1764140197.238723755 36.253 -11.025 0.771 -0.004 -0.03 -0.164 0.986
1764140197.338942528 36.394 -11.079 0.771 -0.004 -0.03 -0.173 0.984
1764140197.438491821 36.582 -11.146 0.797 -0.005 -0.03 -0.182 0.983
1764140197.538717985 36.699 -11.221 0.797 -0.004 -0.031 -0.188 0.982
1764140197.638917446 36.807 -11.291 0.819 -0.001 -0.031 -0.197 0.98
1764140197.738502026 36.946 -11.413 0.84 0.001 -0.031 -0.205 0.978
1764140197.838715553 37.085 -11.453 0.856 0.001 -0.031 -0.214 0.976
1764140197.938971996 37.195 -11.588 0.85 -0.001 -0.031 -0.223 0.974
1764140198.39116144 37.33 -11.687 0.865 -0.002 -0.031 -0.234 0.972
1764140198.138717651 37.459 -11.774 0.917 0.0 -0.031 -0.242 0.97
1764140198.238898993 37.62 -11.865 0.84 -0.001 -0.033 -0.249 0.968
1764140198.339125156 37.699 -12.006 0.841 -0.001 -0.033 -0.253 0.967
1764140198.438641548 37.755 -12.058 0.885 0.001 -0.033 -0.258 0.966
1764140198.538902760 37.858 -12.154 0.862 0.0 -0.033 -0.259 0.965
1764140198.639147758 37.985 -12.241 0.841 -0.0 -0.034 -0.26 0.965
1764140198.739281178 38.132 -12.391 0.822 -0.001 -0.034 -0.261 0.965
1764140198.839547873 38.257 -12.483 0.843 -0.001 -0.034 -0.263 0.964
1764140198.939729452 38.379 -12.593 0.855 -0.001 -0.035 -0.264 0.964
1764140199.40710688 38.497 -12.67 0.849 -0.001 -0.035 -0.268 0.963
1764140199.139479637 38.624 -12.783 0.858 -0.001 -0.036 -0.27 0.962
1764140199.239694357 38.714 -12.86 0.88 -0.002 -0.036 -0.27 0.962
1764140199.339286804 38.831 -13.054 0.923 -0.002 -0.042 -0.272 0.961
1764140199.439485073 38.954 -13.07 1.086 0.001 -0.05 -0.274 0.96
1764140199.539695263 39.165 -13.257 1.052 -0.001 -0.061 -0.279 0.958
1764140199.639258623 39.293 -13.315 1.044 -0.004 -0.066 -0.281 0.957
1764140199.739439487 39.416 -13.371 1.061 -0.003 -0.066 -0.281 0.957
1764140199.839058399 39.534 -13.481 1.057 -0.005 -0.067 -0.282 0.957
1764140199.939228773 39.659 -13.606 1.098 -0.005 -0.066 -0.283 0.957
1764140200.38803101 39.78 -13.673 1.134 -0.005 -0.066 -0.28 0.958
1764140200.139111042 39.851 -13.789 1.149 -0.005 -0.066 -0.272 0.96
1764140200.238707781 39.948 -13.868 1.14 -0.005 -0.066 -0.263 0.962
1764140200.338745832 40.106 -13.897 1.187 -0.006 -0.065 -0.253 0.965
1764140200.439664364 40.231 -13.979 1.26 -0.006 -0.064 -0.245 0.967
1764140200.541519165 40.326 -14.043 1.289 -0.007 -0.064 -0.24 0.969
1764140200.640035152 40.392 -14.106 1.261 -0.006 -0.065 -0.234 0.97
1764140200.740264416 40.511 -14.154 1.267 -0.006 -0.065 -0.228 0.971
1764140200.839797974 40.625 -14.219 1.265 -0.006 -0.066 -0.223 0.973
1764140200.940010786 40.788 -14.266 1.263 -0.006 -0.065 -0.218 0.974
1764140201.39593220 40.856 -14.376 1.287 -0.008 -0.064 -0.208 0.976
1764140201.139858961 40.969 -14.485 1.297 -0.009 -0.064 -0.202 0.977
1764140201.240024090 41.052 -14.588 1.344 -0.01 -0.064 -0.198 0.978
1764140201.340930939 41.261 -14.567 1.408 -0.009 -0.064 -0.194 0.979
1764140201.441367149 41.347 -14.618 1.431 -0.009 -0.063 -0.192 0.979
1764140201.540012360 41.458 -14.717 1.42 -0.008 -0.063 -0.188 0.98
1764140201.639525414 41.6 -14.74 1.431 -0.012 -0.063 -0.182 0.981
1764140201.739736080 41.705 -14.86 1.459 -0.014 -0.063 -0.175 0.983
1764140201.839343071 41.837 -14.906 1.49 -0.014 -0.063 -0.166 0.984
1764140201.939533710 41.966 -14.956 1.494 -0.015 -0.063 -0.159 0.985
1764140202.39754868 42.098 -14.989 1.516 -0.015 -0.062 -0.152 0.986
1764140202.139338493 42.206 -15.016 1.518 -0.015 -0.062 -0.145 0.987
1764140202.239530563 42.314 -15.067 1.544 -0.016 -0.062 -0.136 0.989
1764140202.339716911 42.402 -15.16 1.555 -0.016 -0.062 -0.126 0.99
1764140202.439238548 42.54 -15.228 1.559 -0.018 -0.062 -0.115 0.991
1764140202.539459705 42.665 -15.306 1.582 -0.019 -0.062 -0.107 0.992
1764140202.639729500 42.822 -15.35 1.61 -0.019 -0.062 -0.098 0.993
1764140202.739946365 42.96 -15.408 1.633 -0.02 -0.062 -0.091 0.994
1764140202.840154648 43.108 -15.459 1.672 -0.02 -0.061 -0.086 0.994
1764140202.943590879 43.215 -15.496 1.674 -0.022 -0.061 -0.084 0.994
1764140203.41423082 43.344 -15.463 1.685 -0.021 -0.062 -0.078 0.995
1764140203.140097141 43.443 -15.501 1.705 -0.021 -0.062 -0.069 0.996
1764140203.239626646 43.582 -15.594 1.727 -0.02 -0.062 -0.055 0.996
1764140203.339877605 43.747 -15.592 1.745 -0.02 -0.061 -0.043 0.997
1764140203.440058470 43.923 -15.653 1.748 -0.021 -0.061 -0.035 0.997
1764140203.540948391 44.102 -15.608 1.774 -0.023 -0.061 -0.032 0.997
1764140203.641171694 44.242 -15.607 1.807 -0.022 -0.061 -0.029 0.997
1764140203.740715981 44.384 -15.51 1.81 -0.024 -0.061 -0.035 0.997
1764140203.840919018 44.525 -15.534 1.815 -0.023 -0.062 -0.037 0.997
1764140203.940494537 44.663 -15.565 1.832 -0.023 -0.062 -0.039 0.997
1764140204.40013790 44.803 -15.721 1.861 -0.023 -0.062 -0.041 0.997
1764140204.139577389 44.97 -15.686 1.878 -0.023 -0.062 -0.041 0.997
1764140204.239824533 45.117 -15.795 1.907 -0.024 -0.062 -0.038 0.997
1764140204.339998245 45.283 -15.836 1.938 -0.025 -0.062 -0.036 0.997
1764140204.440249443 45.382 -15.794 1.941 -0.026 -0.062 -0.044 0.997
1764140204.539766073 45.565 -15.831 1.993 -0.025 -0.062 -0.044 0.997
1764140204.642519712 45.761 -15.88 2.019 -0.023 -0.062 -0.041 0.997
1764140204.740230083 45.973 -15.807 2.055 -0.023 -0.062 -0.039 0.997
1764140204.839744806 46.107 -15.924 2.125 -0.021 -0.062 -0.041 0.997
1764140204.939957619 46.294 -15.92 2.13 -0.021 -0.062 -0.039 0.997
1764140205.40171623 46.453 -15.911 2.126 -0.022 -0.063 -0.042 0.997
1764140205.140464783 46.562 -15.984 2.166 -0.022 -0.063 -0.042 0.997
1764140205.239980221 46.752 -16.004 2.195 -0.021 -0.063 -0.043 0.997
1764140205.340153694 46.886 -16.03 2.213 -0.022 -0.063 -0.043 0.997
1764140205.440412998 47.062 -16.034 2.226 -0.022 -0.063 -0.043 0.997
1764140205.540618181 47.19 -16.055 2.243 -0.022 -0.063 -0.044 0.997
1764140205.640788078 47.333 -16.092 2.267 -0.022 -0.063 -0.044 0.997
1764140205.740339279 47.476 -16.109 2.28 -0.023 -0.063 -0.046 0.997
1764140205.840549707 47.631 -16.155 2.288 -0.021 -0.064 -0.046 0.997
1764140205.940812111 47.789 -16.165 2.311 -0.022 -0.064 -0.045 0.997
1764140206.40340424 47.967 -16.172 2.331 -0.023 -0.063 -0.043 0.997
1764140206.141756535 48.085 -16.231 2.357 -0.023 -0.064 -0.038 0.997
1764140206.240748882 48.279 -16.253 2.377 -0.023 -0.064 -0.035 0.997
1764140206.340341091 48.448 -16.289 2.399 -0.023 -0.064 -0.031 0.997
1764140206.440504074 48.597 -16.258 2.422 -0.023 -0.064 -0.028 0.997
1764140206.540721893 48.767 -16.27 2.45 -0.023 -0.064 -0.027 0.997
1764140206.640942812 48.884 -16.272 2.484 -0.023 -0.064 -0.027 0.997
1764140206.740488052 49.044 -16.32 2.499 -0.023 -0.064 -0.026 0.997
1764140206.840046406 49.202 -16.316 2.52 -0.023 -0.064 -0.025 0.997
1764140206.941189766 49.365 -16.35 2.531 -0.023 -0.064 -0.022 0.997
1764140207.40472984 49.524 -16.391 2.557 -0.022 -0.064 -0.022 0.997
1764140207.140723228 49.663 -16.368 2.572 -0.022 -0.064 -0.023 0.997
1764140207.240249395 49.828 -16.389 2.599 -0.022 -0.064 -0.023 0.997
1764140207.340447903 49.998 -16.359 2.616 -0.022 -0.065 -0.024 0.997
1764140207.440659046 50.104 -16.431 2.642 -0.022 -0.065 -0.023 0.997
1764140207.540904284 50.268 -16.462 2.664 -0.022 -0.065 -0.023 0.997
1764140207.640422106 50.441 -16.464 2.658 -0.022 -0.065 -0.023 0.997
1764140207.741407871 50.594 -16.47 2.674 -0.022 -0.065 -0.023 0.997
1764140207.840857267 50.741 -16.541 2.698 -0.021 -0.065 -0.02 0.997
1764140207.941144943 50.903 -16.47 2.743 -0.021 -0.065 -0.023 0.997
1764140208.41281700 51.058 -16.553 2.756 -0.022 -0.065 -0.019 0.997
1764140208.141499043 51.195 -16.583 2.784 -0.022 -0.066 -0.019 0.997
1764140208.241720200 51.357 -16.61 2.808 -0.021 -0.066 -0.021 0.997
1764140208.341260910 51.536 -16.502 2.819 -0.021 -0.066 -0.027 0.997
1764140208.442061424 51.708 -16.594 2.855 -0.02 -0.066 -0.03 0.997
1764140208.541156292 51.873 -16.619 2.887 -0.02 -0.066 -0.036 0.997
1764140208.642384529 52.022 -16.692 2.906 -0.02 -0.067 -0.036 0.997
1764140208.740836382 52.154 -16.697 2.948 -0.019 -0.067 -0.038 0.997
1764140208.840352058 52.31 -16.676 2.982 -0.019 -0.067 -0.038 0.997
1764140208.940556526 52.46 -16.713 2.977 -0.018 -0.067 -0.038 0.997
1764140209.40771961 52.611 -16.772 2.994 -0.019 -0.067 -0.037 0.997
1764140209.140986681 52.756 -16.783 3.028 -0.018 -0.067 -0.037 0.997
1764140209.240534544 52.923 -16.78 3.067 -0.018 -0.067 -0.036 0.997
1764140209.340760708 53.133 -16.883 3.098 -0.018 -0.067 -0.033 0.997
1764140209.440971613 53.258 -16.817 3.116 -0.018 -0.067 -0.034 0.997
1764140209.541224003 53.467 -16.907 3.141 -0.018 -0.067 -0.03 0.997
1764140209.640760422 53.562 -16.917 3.162 -0.019 -0.067 -0.03 0.997
1764140209.740967989 53.743 -16.935 3.181 -0.018 -0.067 -0.029 0.997
1764140209.841150284 53.871 -16.94 3.197 -0.019 -0.067 -0.026 0.997
1764140209.941369534 54.044 -16.952 3.218 -0.019 -0.067 -0.025 0.997
1764140210.40947199 54.198 -17.04 3.266 -0.019 -0.067 -0.022 0.997
1764140210.141195536 54.384 -17.009 3.272 -0.02 -0.067 -0.022 0.997
1764140210.241650343 54.52 -17.054 3.298 -0.02 -0.067 -0.022 0.997
1764140210.341563702 54.661 -17.074 3.33 -0.019 -0.067 -0.022 0.997
1764140210.441109180 54.845 -17.072 3.348 -0.019 -0.067 -0.022 0.997
1764140210.541325569 55.015 -17.119 3.347 -0.02 -0.067 -0.02 0.997
1764140210.641546249 55.167 -17.162 3.34 -0.02 -0.068 -0.018 0.997
1764140210.741098404 55.321 -17.159 3.383 -0.02 -0.068 -0.016 0.997
1764140210.841336250 55.486 -17.155 3.4 -0.02 -0.068 -0.013 0.997
1764140210.945309162 55.626 -17.19 3.449 -0.02 -0.068 -0.013 0.997
1764140211.41825533 55.789 -17.2 3.478 -0.019 -0.068 -0.012 0.997
1764140211.141416788 55.952 -17.213 3.49 -0.02 -0.068 -0.012 0.997
1764140211.241542339 56.102 -17.263 3.511 -0.02 -0.068 -0.011 0.997
1764140211.341091871 56.271 -17.25 3.521 -0.02 -0.068 -0.011 0.997
1764140211.441412926 56.419 -17.279 3.546 -0.021 -0.068 -0.009 0.997
1764140211.541481256 56.601 -17.232 3.566 -0.02 -0.068 -0.011 0.997
1764140211.641774654 56.763 -17.253 3.583 -0.02 -0.068 -0.019 0.997
1764140211.741290092 56.938 -17.276 3.617 -0.02 -0.068 -0.022 0.997
1764140211.841784716 57.071 -17.347 3.619 -0.019 -0.069 -0.032 0.997
1764140211.941014290 57.213 -17.399 3.643 -0.019 -0.069 -0.034 0.997
1764140212.41239738 57.362 -17.447 3.663 -0.019 -0.069 -0.036 0.997
1764140212.140772581 57.521 -17.481 3.683 -0.019 -0.07 -0.036 0.997
1764140212.241010189 57.677 -17.491 3.685 -0.02 -0.07 -0.035 0.997
1764140212.341232777 57.846 -17.543 3.718 -0.019 -0.07 -0.031 0.997
1764140212.441423416 57.969 -17.575 3.692 -0.02 -0.07 -0.031 0.997
1764140212.544587135 58.157 -17.601 3.744 -0.02 -0.07 -0.029 0.997
1764140212.643787861 58.32 -17.617 3.748 -0.021 -0.071 -0.027 0.997
1764140212.742123365 58.437 -17.624 3.78 -0.02 -0.071 -0.025 0.997
1764140212.842290878 58.611 -17.632 3.78 -0.021 -0.072 -0.028 0.997
1764140212.941891909 58.778 -17.686 3.788 -0.021 -0.072 -0.027 0.997
1764140213.42064190 58.919 -17.711 3.772 -0.022 -0.072 -0.029 0.997
1764140213.141589165 59.065 -17.754 3.807 -0.022 -0.073 -0.027 0.997
1764140213.241842747 59.23 -17.761 3.837 -0.022 -0.073 -0.027 0.997
1764140213.342296124 59.364 -17.824 3.842 -0.023 -0.073 -0.025 0.997
1764140213.441598892 59.524 -17.854 3.874 -0.023 -0.073 -0.026 0.997
1764140213.541777849 59.696 -17.85 3.885 -0.024 -0.074 -0.026 0.997
1764140213.642010689 59.834 -17.876 3.906 -0.024 -0.074 -0.025 0.997
1764140213.741578579 60.008 -17.926 3.947 -0.024 -0.074 -0.022 0.997
1764140213.841751099 60.161 -17.937 3.956 -0.024 -0.074 -0.023 0.997
1764140213.942039967 60.33 -17.928 4.001 -0.024 -0.074 -0.025 0.997
1764140214.42177439 60.496 -17.901 4.026 -0.023 -0.074 -0.03 0.997
1764140214.143308163 60.638 -17.939 4.03 -0.023 -0.075 -0.034 0.996
1764140214.242035389 60.775 -18.008 4.092 -0.022 -0.075 -0.039 0.996
1764140214.341536045 60.932 -17.994 4.102 -0.022 -0.075 -0.043 0.996
1764140214.441742420 61.136 -17.997 4.139 -0.021 -0.076 -0.047 0.996
1764140214.541924715 61.256 -18.13 4.14 -0.021 -0.075 -0.05 0.996
1764140214.642195463 61.41 -18.114 4.163 -0.022 -0.076 -0.056 0.995
1764140214.741755486 61.559 -18.185 4.189 -0.021 -0.076 -0.055 0.995
1764140214.841906548 61.683 -18.232 4.199 -0.021 -0.076 -0.055 0.995
1764140214.943646431 61.872 -18.256 4.243 -0.021 -0.077 -0.054 0.995
1764140215.42618275 62.01 -18.285 4.239 -0.022 -0.077 -0.053 0.995
1764140215.142639160 62.163 -18.301 4.276 -0.021 -0.077 -0.051 0.996
1764140215.242786884 62.355 -18.341 4.281 -0.021 -0.077 -0.052 0.995
1764140215.342337132 62.499 -18.372 4.278 -0.023 -0.077 -0.052 0.995
1764140215.442530155 62.671 -18.426 4.313 -0.023 -0.077 -0.049 0.996
1764140215.542814732 62.808 -18.403 4.332 -0.023 -0.078 -0.05 0.995
1764140215.642745018 62.961 -18.489 4.398 -0.022 -0.077 -0.049 0.996
1764140215.742581844 63.128 -18.513 4.375 -0.023 -0.078 -0.051 0.995
1764140215.842065334 63.291 -18.546 4.408 -0.023 -0.077 -0.051 0.995
1764140215.942282200 63.472 -18.567 4.417 -0.023 -0.077 -0.051 0.995
1764140216.41815281 63.611 -18.624 4.439 -0.023 -0.077 -0.05 0.995
1764140216.142034531 63.757 -18.654 4.451 -0.024 -0.078 -0.049 0.995
1764140216.241635323 63.937 -18.671 4.46 -0.024 -0.078 -0.045 0.996
1764140216.341817856 64.033 -18.699 4.488 -0.023 -0.078 -0.043 0.996
1764140216.442074776 64.171 -18.699 4.532 -0.023 -0.078 -0.041 0.996
1764140216.543708324 64.33 -18.709 4.558 -0.023 -0.078 -0.041 0.996
1764140216.643186569 64.518 -18.741 4.594 -0.024 -0.078 -0.041 0.996
1764140216.742049456 64.647 -18.771 4.633 -0.023 -0.078 -0.042 0.996
1764140216.842249393 64.805 -18.792 4.677 -0.023 -0.078 -0.041 0.996
1764140216.942443848 64.986 -18.801 4.712 -0.022 -0.078 -0.04 0.996
1764140217.42034626 65.114 -18.878 4.734 -0.023 -0.078 -0.034 0.996
1764140217.142200470 65.294 -18.834 4.735 -0.023 -0.078 -0.031 0.996
1764140217.242472649 65.428 -18.888 4.767 -0.024 -0.078 -0.026 0.996
1764140217.345421314 65.599 -18.896 4.796 -0.025 -0.077 -0.014 0.997
1764140217.442842484 65.75 -18.905 4.783 -0.025 -0.078 -0.01 0.997
1764140217.543052912 65.898 -18.982 4.804 -0.026 -0.078 -0.005 0.997
1764140217.643266678 66.06 -18.932 4.841 -0.025 -0.078 -0.002 0.997
1764140217.743466377 66.204 -18.942 4.876 -0.024 -0.078 0.0 0.997
1764140217.843017578 66.386 -18.937 4.896 -0.024 -0.078 0.001 0.997
1764140217.942621708 66.537 -19.012 4.882 -0.025 -0.078 0.002 0.997
1764140218.42832375 66.697 -18.841 4.902 -0.026 -0.078 -0.001 0.997
1764140218.142331123 66.797 -18.951 4.956 -0.027 -0.079 -0.001 0.997
1764140218.242772341 66.928 -18.98 4.864 -0.026 -0.081 0.0 0.996
1764140218.342126846 67.103 -18.977 4.861 -0.026 -0.081 0.004 0.996
1764140218.442318439 67.276 -18.885 4.9 -0.03 -0.081 -0.002 0.996
1764140218.542529106 67.443 -18.947 4.999 -0.027 -0.08 0.001 0.996
1764140218.642079353 67.634 -18.966 5.015 -0.028 -0.08 0.004 0.996
1764140218.742406607 67.787 -19.012 5.029 -0.026 -0.081 0.008 0.996
1764140218.842556715 67.94 -19.05 5.034 -0.027 -0.081 0.009 0.996
1764140218.942058563 68.17 -19.039 5.048 -0.026 -0.08 0.015 0.996
1764140219.42930126 68.336 -18.985 5.035 -0.026 -0.08 0.016 0.996
1764140219.143196583 68.499 -19.022 5.052 -0.026 -0.081 0.012 0.996
1764140219.243358612 68.651 -19.063 5.093 -0.024 -0.081 0.007 0.996
1764140219.344288349 68.888 -18.806 5.089 -0.025 -0.081 -0.007 0.996
1764140219.443793535 68.968 -19.034 5.102 -0.023 -0.082 -0.039 0.996
1764140219.542687654 69.075 -19.05 5.113 -0.021 -0.083 -0.049 0.995
1764140219.640933990 69.149 -19.284 5.196 -0.02 -0.081 -0.039 0.996
1764140219.739861012 69.32 -19.378 5.23 -0.02 -0.081 -0.009 0.996
1764140219.840816259 69.545 -19.146 5.19 -0.023 -0.081 0.013 0.996
1764140219.942293644 69.778 -19.12 5.219 -0.024 -0.081 0.019 0.996
1764140220.43124199 69.941 -19.142 5.244 -0.023 -0.081 0.02 0.996
1764140220.143990993 70.107 -19.198 5.271 -0.024 -0.081 0.022 0.996
1764140220.244175434 70.258 -19.173 5.318 -0.024 -0.081 0.025 0.996
1764140220.344394684 70.511 -19.098 5.347 -0.024 -0.082 0.02 0.996
1764140220.444621086 70.668 -19.016 5.356 -0.022 -0.083 -0.002 0.996
1764140220.544152260 70.697 -18.982 5.4 -0.019 -0.083 -0.025 0.996
1764140220.643705368 70.797 -18.977 5.439 -0.017 -0.083 -0.049 0.995
1764140220.742591143 70.921 -19.042 5.473 -0.015 -0.084 -0.067 0.994
1764140220.842139721 71.057 -19.093 5.51 -0.014 -0.084 -0.08 0.993
1764140220.944374561 71.193 -19.14 5.531 -0.014 -0.084 -0.093 0.992
1764140221.41932583 71.316 -19.229 5.547 -0.013 -0.084 -0.103 0.991
1764140221.142129421 71.55 -19.324 5.561 -0.012 -0.084 -0.11 0.99
1764140221.242419958 71.624 -19.445 5.57 -0.013 -0.085 -0.106 0.991
1764140221.342939138 71.746 -19.425 5.598 -0.011 -0.085 -0.1 0.991
1764140221.443009615 71.9 -19.477 5.608 -0.012 -0.085 -0.092 0.992
1764140221.543671131 72.048 -19.48 5.632 -0.013 -0.085 -0.085 0.993
1764140221.643856049 72.197 -19.5 5.649 -0.013 -0.085 -0.081 0.993
1764140221.744098663 72.4 -19.544 5.666 -0.014 -0.085 -0.076 0.993
1764140221.844335318 72.588 -19.522 5.709 -0.016 -0.085 -0.072 0.994
1764140221.943862915 72.776 -19.585 5.735 -0.016 -0.085 -0.069 0.994
1764140222.44053316 72.938 -19.621 5.76 -0.017 -0.085 -0.069 0.994
1764140222.146268606 73.114 -19.659 5.746 -0.017 -0.085 -0.067 0.994
1764140222.243867874 73.21 -19.722 5.788 -0.018 -0.085 -0.062 0.994
1764140222.343360424 73.393 -19.688 5.818 -0.018 -0.085 -0.061 0.994
1764140222.443573236 73.519 -19.785 5.849 -0.018 -0.085 -0.059 0.994
1764140222.543781757 73.685 -19.748 5.896 -0.017 -0.085 -0.064 0.994
1764140222.643341303 73.883 -19.794 5.89 -0.017 -0.086 -0.066 0.994
1764140222.742893457 74.033 -19.835 5.918 -0.018 -0.085 -0.063 0.994
1764140222.843096733 74.224 -19.843 5.889 -0.02 -0.085 -0.06 0.994
1764140222.943367481 74.401 -19.816 5.944 -0.017 -0.086 -0.062 0.994
1764140223.42885542 74.544 -19.862 5.888 -0.019 -0.086 -0.063 0.994
1764140223.143785000 74.748 -19.822 5.888 -0.019 -0.087 -0.065 0.994
1764140223.243297100 74.827 -19.862 5.986 -0.016 -0.087 -0.081 0.993
1764140223.342850685 74.891 -19.923 6.077 -0.016 -0.085 -0.082 0.993
1764140223.442428589 75.066 -19.912 6.011 -0.018 -0.086 -0.078 0.993
1764140223.542616367 75.216 -19.988 6.069 -0.019 -0.086 -0.07 0.994
1764140223.644181728 75.412 -19.978 6.081 -0.021 -0.086 -0.068 0.994
1764140223.743703842 75.57 -20.037 6.102 -0.023 -0.086 -0.06 0.994
1764140223.843941689 75.693 -20.061 6.188 -0.022 -0.085 -0.063 0.994
1764140223.944806099 75.908 -19.816 6.217 -0.022 -0.085 -0.071 0.994
1764140224.44353008 75.976 -19.915 6.219 -0.021 -0.085 -0.078 0.993
1764140224.143939972 76.092 -20.017 6.243 -0.023 -0.085 -0.084 0.993
1764140224.243480206 76.236 -20.038 6.26 -0.024 -0.085 -0.087 0.992
1764140224.343028545 76.389 -20.093 6.275 -0.026 -0.085 -0.087 0.992
1764140224.443278790 76.56 -20.131 6.322 -0.025 -0.085 -0.087 0.992
1764140224.544283390 76.68 -20.173 6.349 -0.024 -0.085 -0.088 0.992
1764140224.644356728 76.831 -20.235 6.359 -0.024 -0.085 -0.086 0.992
1764140224.743863583 77.004 -20.203 6.385 -0.025 -0.085 -0.086 0.992
1764140224.844074249 77.133 -20.258 6.416 -0.024 -0.086 -0.089 0.992
1764140224.944317818 77.281 -20.175 6.432 -0.022 -0.086 -0.092 0.992
1764140225.43829918 77.432 -20.219 6.463 -0.023 -0.087 -0.091 0.992
1764140225.144166946 77.567 -20.272 6.518 -0.021 -0.087 -0.09 0.992
1764140225.243609905 77.685 -20.255 6.544 -0.021 -0.088 -0.092 0.992
1764140225.343817711 77.844 -20.356 6.54 -0.023 -0.088 -0.091 0.992
1764140225.443411827 78.023 -20.267 6.53 -0.024 -0.088 -0.096 0.991
1764140225.543666124 78.186 -20.309 6.582 -0.023 -0.087 -0.095 0.991
1764140225.643792391 78.349 -20.382 6.61 -0.023 -0.087 -0.093 0.992
1764140225.744011402 78.548 -20.44 6.628 -0.023 -0.087 -0.092 0.992
1764140225.843617439 78.733 -20.421 6.641 -0.024 -0.088 -0.096 0.991
1764140225.943788290 78.893 -20.407 6.68 -0.023 -0.088 -0.101 0.991
1764140226.44004917 79.052 -20.414 6.702 -0.023 -0.088 -0.109 0.99
1764140226.145441532 79.187 -20.421 6.723 -0.022 -0.089 -0.117 0.989
1764140226.243908405 79.385 -20.439 6.757 -0.021 -0.089 -0.125 0.988
1764140226.343968391 79.532 -20.479 6.778 -0.021 -0.09 -0.13 0.987
1764140226.443514824 79.705 -20.54 6.817 -0.02 -0.09 -0.133 0.987
1764140226.543766499 79.822 -20.666 6.869 -0.02 -0.09 -0.131 0.987
1764140226.643942833 80.035 -20.66 6.879 -0.022 -0.089 -0.129 0.987
1764140226.744230270 80.21 -20.647 6.925 -0.022 -0.089 -0.128 0.988
1764140226.844408035 80.385 -20.657 6.984 -0.021 -0.089 -0.13 0.987
1764140226.944808960 80.532 -20.737 6.988 -0.023 -0.088 -0.127 0.988
1764140227.44154167 80.668 -20.71 7.027 -0.022 -0.087 -0.127 0.988
1764140227.144376278 80.868 -20.805 7.066 -0.023 -0.086 -0.124 0.988
1764140227.243898869 81.018 -20.822 7.084 -0.024 -0.085 -0.122 0.989
1764140227.344110966 81.18 -20.82 7.093 -0.024 -0.084 -0.121 0.989
1764140227.444352865 81.36 -20.864 7.122 -0.024 -0.085 -0.119 0.989
1764140227.544584274 81.502 -20.937 7.151 -0.025 -0.085 -0.116 0.989
1764140227.644103527 81.687 -20.947 7.19 -0.024 -0.085 -0.117 0.989
1764140227.744527817 81.846 -20.954 7.207 -0.025 -0.084 -0.114 0.99
1764140227.843896151 82.024 -20.955 7.249 -0.024 -0.084 -0.115 0.989
1764140227.944066525 82.176 -21.002 7.261 -0.025 -0.084 -0.112 0.99
1764140228.44280767 82.384 -21.051 7.294 -0.025 -0.084 -0.11 0.99
1764140228.143835545 82.555 -21.072 7.298 -0.026 -0.084 -0.108 0.99
1764140228.244047165 82.726 -21.168 7.326 -0.027 -0.084 -0.106 0.99
1764140228.344260216 82.881 -21.156 7.369 -0.026 -0.084 -0.104 0.991
1764140228.444469452 83.026 -21.139 7.391 -0.027 -0.084 -0.103 0.991
1764140228.544695616 83.215 -21.134 7.413 -0.027 -0.084 -0.101 0.991
1764140228.644927979 83.407 -21.174 7.444 -0.027 -0.084 -0.101 0.991
1764140228.744503975 83.56 -21.252 7.466 -0.027 -0.084 -0.098 0.991
1764140228.844664097 83.737 -21.288 7.497 -0.027 -0.084 -0.096 0.992
1764140228.944886208 83.884 -21.293 7.53 -0.027 -0.084 -0.095 0.992
1764140229.45093536 84.117 -21.288 7.566 -0.027 -0.084 -0.094 0.992
1764140229.144655704 84.279 -21.337 7.585 -0.028 -0.084 -0.093 0.992
1764140229.244954348 84.421 -21.346 7.607 -0.028 -0.084 -0.093 0.992
1764140229.348026037 84.595 -21.364 7.638 -0.028 -0.084 -0.095 0.992
1764140229.444685936 84.785 -21.397 7.67 -0.027 -0.084 -0.099 0.991
1764140229.544840813 84.941 -21.411 7.69 -0.027 -0.084 -0.106 0.99
1764140229.644388676 85.1 -21.426 7.701 -0.027 -0.085 -0.113 0.99
1764140229.744604588 85.27 -21.45 7.727 -0.026 -0.085 -0.118 0.989
1764140229.844153881 85.425 -21.473 7.776 -0.025 -0.085 -0.121 0.989
1764140229.943720341 85.594 -21.504 7.836 -0.025 -0.085 -0.12 0.989
1764140230.46513081 85.734 -21.644 7.867 -0.026 -0.085 -0.107 0.99
1764140230.144130230 85.915 -21.591 7.89 -0.026 -0.085 -0.105 0.99
1764140230.244376421 86.106 -21.627 7.903 -0.026 -0.085 -0.105 0.99
1764140230.344571114 86.249 -21.63 7.936 -0.027 -0.085 -0.101 0.991
1764140230.444772482 86.43 -21.676 7.95 -0.027 -0.086 -0.1 0.991
1764140230.544987202 86.612 -21.704 7.985 -0.027 -0.086 -0.097 0.991
1764140230.645246983 86.794 -21.758 8.006 -0.027 -0.086 -0.095 0.991
1764140230.744750261 86.948 -21.713 8.037 -0.027 -0.086 -0.094 0.991
1764140230.848094702 87.122 -21.794 8.067 -0.027 -0.086 -0.09 0.992
1764140230.945208549 87.272 -21.783 8.097 -0.027 -0.086 -0.089 0.992
1764140231.44753075 87.431 -21.837 8.143 -0.028 -0.086 -0.085 0.992
1764140231.144941807 87.587 -21.863 8.171 -0.028 -0.086 -0.081 0.993
1764140231.245157242 87.705 -21.86 8.182 -0.027 -0.087 -0.082 0.993
1764140231.345435619 87.871 -21.873 8.229 -0.027 -0.087 -0.08 0.993
1764140231.445623875 88.037 -21.886 8.249 -0.026 -0.087 -0.076 0.993
1764140231.545219421 88.193 -21.945 8.27 -0.026 -0.087 -0.076 0.993
1764140231.645408630 88.357 -22.002 8.296 -0.028 -0.087 -0.074 0.993
1764140231.744945526 88.572 -21.982 8.332 -0.028 -0.087 -0.072 0.993
1764140231.845132828 88.753 -21.983 8.375 -0.028 -0.087 -0.07 0.993
1764140231.944668770 88.945 -22.009 8.418 -0.027 -0.087 -0.067 0.994
1764140232.44920444 89.103 -22.034 8.435 -0.027 -0.087 -0.065 0.994
1764140232.144463062 89.293 -22.034 8.455 -0.028 -0.088 -0.065 0.994
1764140232.244655609 89.405 -22.079 8.484 -0.028 -0.088 -0.061 0.994
1764140232.344887257 89.532 -22.052 8.51 -0.028 -0.088 -0.061 0.994
1764140232.444402933 89.725 -22.104 8.529 -0.029 -0.088 -0.057 0.994
1764140232.544734001 89.911 -22.127 8.556 -0.03 -0.088 -0.051 0.994
1764140232.644845724 90.07 -22.095 8.562 -0.031 -0.088 -0.051 0.994
1764140232.745074511 90.222 -22.139 8.605 -0.031 -0.087 -0.047 0.995
1764140232.845307827 90.386 -22.131 8.64 -0.031 -0.088 -0.047 0.995
1764140232.945473671 90.531 -22.115 8.66 -0.032 -0.088 -0.047 0.995
1764140233.45083761 90.715 -22.19 8.687 -0.033 -0.088 -0.049 0.994
1764140233.145273209 90.858 -22.174 8.733 -0.031 -0.088 -0.05 0.994
1764140233.245473385 91.013 -22.211 8.774 -0.033 -0.087 -0.049 0.994
1764140233.345031500 91.138 -22.22 8.802 -0.033 -0.087 -0.048 0.994
1764140233.445274353 91.313 -22.259 8.84 -0.033 -0.087 -0.045 0.995
1764140233.545439720 91.512 -22.268 8.896 -0.033 -0.088 -0.044 0.995
1764140233.645651579 91.639 -22.31 8.9 -0.033 -0.087 -0.042 0.995
1764140233.745234489 91.814 -22.349 8.921 -0.035 -0.087 -0.039 0.995
1764140233.845416546 91.947 -22.335 8.96 -0.033 -0.087 -0.036 0.995
1764140233.945643902 92.12 -22.311 8.923 -0.037 -0.087 -0.033 0.995
1764140234.45844555 92.258 -22.329 8.951 -0.035 -0.087 -0.033 0.995
1764140234.145408154 92.412 -22.353 8.976 -0.036 -0.088 -0.035 0.995
1764140234.245650053 92.577 -22.36 9.012 -0.036 -0.088 -0.035 0.995
1764140234.345181942 92.765 -22.391 9.001 -0.038 -0.088 -0.034 0.995
1764140234.445372581 92.953 -22.443 9.014 -0.038 -0.088 -0.037 0.995
1764140234.545585155 93.134 -22.347 9.093 -0.036 -0.088 -0.046 0.994
1764140234.645177364 93.313 -22.439 9.174 -0.034 -0.089 -0.054 0.994
1764140234.744714737 93.503 -22.494 9.229 -0.033 -0.089 -0.059 0.994
1764140234.845548868 93.698 -22.428 9.286 -0.034 -0.088 -0.06 0.994
1764140234.945400238 93.835 -22.505 9.395 -0.031 -0.087 -0.056 0.994
1764140235.45074940 94.039 -22.522 9.451 -0.029 -0.086 -0.052 0.994
1764140235.144919872 94.212 -22.577 9.486 -0.03 -0.086 -0.048 0.995
1764140235.245127201 94.371 -22.567 9.528 -0.03 -0.086 -0.045 0.995
1764140235.345309496 94.521 -22.59 9.555 -0.029 -0.086 -0.041 0.995
1764140235.445524931 94.673 -22.647 9.597 -0.03 -0.086 -0.036 0.995
1764140235.546448231 94.834 -22.627 9.635 -0.03 -0.086 -0.037 0.995
1764140235.646017075 94.986 -22.678 9.664 -0.029 -0.086 -0.035 0.995
1764140235.746311188 95.137 -22.737 9.67 -0.03 -0.087 -0.031 0.995
1764140235.845764399 95.305 -22.733 9.661 -0.032 -0.086 -0.028 0.995
1764140235.945950508 95.463 -22.743 9.726 -0.032 -0.087 -0.026 0.995
1764140236.46151161 95.603 -22.74 9.764 -0.032 -0.087 -0.026 0.995
1764140236.146402836 95.811 -22.706 9.809 -0.032 -0.087 -0.027 0.995
1764140236.246622086 96.019 -22.75 9.819 -0.031 -0.087 -0.033 0.995
1764140236.346792936 96.13 -22.654 9.806 -0.031 -0.088 -0.042 0.995
1764140236.446375370 96.301 -22.752 9.907 -0.028 -0.088 -0.053 0.994
1764140236.545897722 96.44 -22.815 9.978 -0.026 -0.088 -0.058 0.994
1764140236.645488739 96.601 -22.88 9.972 -0.026 -0.089 -0.063 0.994
1764140236.744984150 96.746 -23.013 10.025 -0.026 -0.089 -0.059 0.994
1764140236.844539165 96.907 -22.971 10.064 -0.026 -0.089 -0.054 0.994
1764140236.944748402 97.064 -23.004 10.081 -0.027 -0.089 -0.048 0.995
1764140237.45635462 97.217 -22.966 10.062 -0.029 -0.089 -0.045 0.995
1764140237.145905495 97.416 -22.972 10.077 -0.033 -0.089 -0.043 0.995
1764140237.247600079 97.533 -22.976 10.163 -0.028 -0.089 -0.038 0.995
1764140237.346431255 97.692 -23.062 10.195 -0.032 -0.089 -0.03 0.995
1764140237.445869446 97.852 -23.034 10.22 -0.031 -0.089 -0.033 0.995
1764140237.546054602 98.03 -23.112 10.273 -0.031 -0.089 -0.031 0.995
1764140237.646247864 98.214 -23.068 10.31 -0.03 -0.089 -0.03 0.995
1764140237.746469975 98.389 -23.057 10.322 -0.031 -0.089 -0.034 0.995
1764140237.846718550 98.521 -23.022 10.369 -0.027 -0.09 -0.049 0.994
1764140237.946899176 98.755 -23.05 10.418 -0.027 -0.09 -0.065 0.993
1764140238.46620369 98.911 -23.231 10.388 -0.03 -0.091 -0.077 0.992
1764140238.146043301 99.045 -23.33 10.435 -0.028 -0.091 -0.081 0.992
1764140238.245571613 99.206 -23.332 10.5 -0.028 -0.091 -0.08 0.992
1764140238.345760584 99.376 -23.405 10.496 -0.029 -0.092 -0.081 0.992
1764140238.445973396 99.53 -23.435 10.499 -0.029 -0.092 -0.081 0.992
1764140238.546230316 99.694 -23.442 10.57 -0.029 -0.092 -0.077 0.992
1764140238.646400928 99.842 -23.467 10.601 -0.029 -0.092 -0.074 0.993
1764140238.746624947 100.029 -23.465 10.628 -0.028 -0.092 -0.072 0.993
1764140238.846312284 100.152 -23.522 10.662 -0.029 -0.092 -0.07 0.993
1764140238.946422100 100.31 -23.584 10.694 -0.029 -0.092 -0.066 0.993
1764140239.46660423 100.459 -23.647 10.739 -0.029 -0.092 -0.064 0.993
1764140239.146198750 100.621 -23.675 10.736 -0.03 -0.093 -0.064 0.993
1764140239.245707035 100.766 -23.64 10.76 -0.029 -0.093 -0.063 0.993
1764140239.345927715 100.919 -23.688 10.771 -0.031 -0.093 -0.059 0.993
1764140239.446175098 101.051 -23.71 10.767 -0.031 -0.093 -0.057 0.994
1764140239.546340466 101.187 -23.757 10.809 -0.032 -0.093 -0.056 0.994
1764140239.645891190 101.354 -23.762 10.853 -0.031 -0.093 -0.055 0.994
1764140239.746143341 101.57 -23.81 10.91 -0.03 -0.094 -0.053 0.994
1764140239.846359253 101.766 -23.799 10.938 -0.032 -0.093 -0.055 0.994
1764140239.946548939 101.898 -23.86 10.962 -0.034 -0.092 -0.053 0.994
1764140240.46142101 102.09 -23.9 11.006 -0.035 -0.092 -0.05 0.994
1764140240.146291256 102.254 -23.881 11.043 -0.036 -0.092 -0.045 0.994
1764140240.246569633 102.386 -23.985 11.093 -0.036 -0.092 -0.039 0.994
1764140240.346722126 102.53 -23.993 11.106 -0.037 -0.092 -0.034 0.994
1764140240.447889328 102.675 -24.023 11.111 -0.038 -0.092 -0.028 0.995
1764140240.547155380 102.832 -24.084 11.165 -0.038 -0.092 -0.023 0.995
1764140240.647362709 103.012 -24.026 11.184 -0.038 -0.092 -0.022 0.995
1764140240.746972322 103.154 -24.112 11.236 -0.038 -0.092 -0.019 0.995
1764140240.847157955 103.329 -24.081 11.255 -0.04 -0.092 -0.019 0.995
1764140240.946674585 103.46 -24.115 11.293 -0.04 -0.092 -0.02 0.995
1764140241.46928883 103.634 -24.103 11.329 -0.039 -0.092 -0.022 0.995
1764140241.146476269 103.792 -24.147 11.354 -0.039 -0.093 -0.023 0.995
1764140241.246866703 103.94 -24.143 11.379 -0.039 -0.093 -0.023 0.995
1764140241.346209526 104.116 -24.11 11.397 -0.038 -0.093 -0.024 0.995
1764140241.446428776 104.29 -24.149 11.421 -0.039 -0.094 -0.026 0.994
1764140241.546632767 104.407 -24.216 11.463 -0.038 -0.094 -0.029 0.994
1764140241.646184444 104.498 -24.242 11.472 -0.037 -0.094 -0.029 0.994
1764140241.746395588 104.702 -24.261 11.513 -0.037 -0.095 -0.029 0.994
1764140241.846614838 104.856 -24.289 11.61 -0.037 -0.094 -0.028 0.994
1764140241.946829557 105.023 -24.284 11.629 -0.037 -0.095 -0.029 0.994
1764140242.47769070 105.202 -24.316 11.656 -0.036 -0.095 -0.026 0.994
1764140242.146610260 105.33 -24.298 11.594 -0.035 -0.096 -0.027 0.994
1764140242.246798038 105.436 -24.243 11.578 -0.033 -0.097 -0.03 0.994
1764140242.347029686 105.626 -24.23 11.619 -0.032 -0.098 -0.032 0.994
1764140242.446587801 105.816 -24.352 11.663 -0.032 -0.098 -0.028 0.994
1764140242.546780586 105.945 -24.369 11.73 -0.032 -0.098 -0.029 0.994
1764140242.646999121 106.138 -24.346 11.756 -0.033 -0.098 -0.029 0.994
1764140242.747212887 106.251 -24.4 11.778 -0.031 -0.099 -0.032 0.994
1764140242.847438335 106.419 -24.407 11.811 -0.031 -0.099 -0.033 0.994
1764140242.947010994 106.609 -24.424 11.874 -0.031 -0.099 -0.034 0.994
1764140243.47214508 106.764 -24.411 11.928 -0.03 -0.098 -0.035 0.994
1764140243.146822453 106.914 -24.463 11.974 -0.03 -0.099 -0.032 0.994
1764140243.246975899 107.087 -24.489 11.964 -0.025 -0.1 -0.037 0.994
1764140243.347229242 107.198 -24.5 11.996 -0.026 -0.1 -0.043 0.994
1764140243.447389841 107.402 -24.551 12.043 -0.025 -0.101 -0.049 0.993
1764140243.548274994 107.564 -24.57 12.092 -0.026 -0.101 -0.057 0.993
1764140243.647202015 107.736 -24.6 12.097 -0.023 -0.102 -0.062 0.993
1764140243.746699810 107.816 -24.782 12.144 -0.025 -0.102 -0.062 0.993
1764140243.846283436 108.015 -24.697 12.17 -0.024 -0.102 -0.059 0.993
1764140243.946461916 108.163 -24.741 12.168 -0.023 -0.103 -0.058 0.993
1764140244.46671867 108.291 -24.697 12.178 -0.023 -0.104 -0.058 0.993
1764140244.146889210 108.477 -24.801 12.261 -0.023 -0.103 -0.052 0.993
1764140244.247144222 108.569 -24.725 12.238 -0.023 -0.104 -0.053 0.993
1764140244.347332478 108.759 -24.787 12.286 -0.025 -0.104 -0.051 0.993
1764140244.449247122 108.919 -24.785 12.266 -0.024 -0.105 -0.051 0.993
1764140244.547739029 109.034 -24.837 12.32 -0.022 -0.105 -0.053 0.993
1764140244.647301197 109.197 -24.891 12.341 -0.022 -0.106 -0.05 0.993
1764140244.747549057 109.35 -24.871 12.373 -0.024 -0.105 -0.045 0.993
1764140244.847727299 109.505 -24.886 12.422 -0.023 -0.106 -0.045 0.993
1764140244.947941542 109.749 -24.891 12.448 -0.023 -0.107 -0.051 0.993
1764140245.47486305 109.802 -24.896 12.446 -0.022 -0.107 -0.057 0.992
1764140245.147709131 109.94 -24.976 12.459 -0.022 -0.107 -0.056 0.992
1764140245.247426987 110.115 -25.004 12.474 -0.021 -0.108 -0.057 0.992
1764140245.347484589 110.25 -25.018 12.532 -0.021 -0.108 -0.059 0.992
1764140245.447715282 110.359 -25.038 12.56 -0.02 -0.109 -0.062 0.992
1764140245.547314405 110.494 -25.088 12.579 -0.02 -0.109 -0.064 0.992
1764140245.647438526 110.635 -25.095 12.605 -0.02 -0.109 -0.066 0.992
1764140245.747665405 110.782 -25.177 12.655 -0.02 -0.109 -0.066 0.992
1764140245.847211599 110.933 -25.234 12.677 -0.02 -0.109 -0.067 0.992
1764140245.947453260 111.062 -25.225 12.714 -0.02 -0.11 -0.066 0.992
1764140246.49407005 111.232 -25.202 12.765 -0.019 -0.11 -0.067 0.991
1764140246.147191286 111.281 -25.326 12.769 -0.018 -0.11 -0.065 0.992
1764140246.247402191 111.459 -25.356 12.811 -0.019 -0.11 -0.064 0.992
1764140246.347644806 111.62 -25.371 12.847 -0.019 -0.111 -0.067 0.991
1764140246.447822571 111.804 -25.396 12.862 -0.018 -0.111 -0.073 0.991
1764140246.547379732 111.882 -25.461 12.88 -0.017 -0.112 -0.075 0.991
1764140246.647629261 112.085 -25.462 12.916 -0.017 -0.112 -0.076 0.991
1764140246.747167110 112.227 -25.501 12.925 -0.017 -0.112 -0.077 0.991
1764140246.847365856 112.444 -25.52 12.94 -0.018 -0.112 -0.08 0.99
1764140246.947638512 112.605 -25.596 12.909 -0.018 -0.113 -0.078 0.99
1764140247.47807455 112.792 -25.562 12.937 -0.02 -0.113 -0.076 0.99
1764140247.148012161 113.01 -25.595 12.886 -0.021 -0.114 -0.077 0.99
1764140247.247574806 113.168 -25.68 12.856 -0.022 -0.115 -0.076 0.99
1764140247.347793579 113.325 -25.77 12.841 -0.022 -0.116 -0.075 0.99
1764140247.447334290 113.553 -25.776 12.915 -0.023 -0.115 -0.073 0.99
1764140247.547584057 113.692 -25.811 12.939 -0.024 -0.116 -0.06 0.991
1764140247.647811413 113.803 -25.808 12.947 -0.025 -0.116 -0.051 0.992
1764140247.748007298 113.959 -25.845 12.964 -0.026 -0.116 -0.043 0.992
1764140247.848229885 114.102 -25.797 12.981 -0.027 -0.116 -0.036 0.992
1764140247.948399782 114.296 -25.778 13.014 -0.029 -0.116 -0.031 0.992
1764140248.47939777 114.423 -25.781 13.043 -0.029 -0.116 -0.029 0.992
1764140248.148150921 114.587 -25.79 13.059 -0.031 -0.116 -0.025 0.992
1764140248.247700453 114.757 -25.72 13.115 -0.03 -0.116 -0.028 0.992
1764140248.347263575 114.892 -25.808 13.136 -0.03 -0.116 -0.028 0.992
1764140248.448053122 115.094 -25.751 13.158 -0.031 -0.117 -0.027 0.992
1764140248.547703266 115.206 -25.776 13.156 -0.031 -0.117 -0.028 0.992
1764140248.647284508 115.425 -25.784 13.204 -0.031 -0.117 -0.029 0.992
1764140248.747446299 115.58 -25.788 13.251 -0.032 -0.117 -0.029 0.992
1764140248.847662926 115.717 -25.813 13.292 -0.032 -0.117 -0.03 0.992
1764140248.947212219 115.87 -25.856 13.314 -0.032 -0.117 -0.03 0.992
1764140249.47420979 115.968 -25.955 13.368 -0.033 -0.117 -0.026 0.992
1764140249.147706270 116.17 -25.904 13.392 -0.033 -0.117 -0.025 0.992
1764140249.247857094 116.356 -25.958 13.404 -0.034 -0.117 -0.021 0.992
1764140249.348107338 116.528 -25.932 13.456 -0.034 -0.118 -0.023 0.992
1764140249.448275328 116.637 -26.013 13.443 -0.035 -0.118 -0.024 0.992
1764140249.548493385 116.791 -26.008 13.526 -0.035 -0.118 -0.023 0.992
1764140249.648122787 116.943 -25.966 13.581 -0.035 -0.118 -0.024 0.992
1764140249.748279572 117.127 -26.015 13.622 -0.036 -0.118 -0.021 0.992
1764140249.848506212 117.229 -26.023 13.652 -0.035 -0.118 -0.022 0.992
1764140249.949571371 117.414 -26.015 13.695 -0.036 -0.118 -0.019 0.992
1764140250.48265934 117.538 -26.066 13.676 -0.037 -0.119 -0.018 0.992
1764140250.148494720 117.674 -26.056 13.689 -0.037 -0.119 -0.019 0.992
1764140250.248033524 117.874 -26.094 13.742 -0.037 -0.119 -0.016 0.992
1764140250.348217964 118.013 -26.047 13.817 -0.037 -0.119 -0.015 0.992
1764140250.448472500 118.183 -26.104 13.856 -0.038 -0.119 -0.015 0.992
1764140250.548029423 118.333 -26.118 13.87 -0.038 -0.119 -0.015 0.992
1764140250.648201466 118.443 -26.178 13.924 -0.038 -0.119 -0.013 0.992
1764140250.747796774 118.664 -26.143 13.983 -0.039 -0.119 -0.009 0.992
1764140250.849319458 118.766 -26.212 13.928 -0.04 -0.12 -0.009 0.992
1764140250.948179245 118.983 -26.203 13.962 -0.04 -0.12 -0.007 0.992
1764140251.48383951 119.156 -26.184 14.032 -0.04 -0.12 -0.009 0.992
1764140251.148696661 119.325 -26.184 14.067 -0.04 -0.12 -0.012 0.992
1764140251.248846054 119.488 -26.156 14.139 -0.038 -0.121 -0.021 0.992
1764140251.348374844 119.63 -26.169 14.165 -0.037 -0.122 -0.03 0.991
1764140251.448573589 119.794 -26.191 14.197 -0.036 -0.123 -0.038 0.991
1764140251.548307180 119.911 -26.296 14.26 -0.036 -0.123 -0.04 0.991
1764140251.647730827 119.995 -26.316 14.305 -0.035 -0.124 -0.038 0.991
1764140251.747892857 120.127 -26.354 14.307 -0.036 -0.124 -0.036 0.991
1764140251.848155975 120.324 -26.334 14.336 -0.036 -0.125 -0.036 0.991
1764140251.948983431 120.466 -26.385 14.363 -0.036 -0.125 -0.035 0.991
1764140252.49204588 120.609 -26.384 14.408 -0.036 -0.126 -0.035 0.991
1764140252.149412155 120.791 -26.394 14.476 -0.036 -0.126 -0.035 0.991
1764140252.248985052 120.962 -26.407 14.53 -0.036 -0.126 -0.033 0.991
1764140252.349478006 121.094 -26.452 14.58 -0.036 -0.126 -0.034 0.991
1764140252.448764324 121.277 -26.473 14.606 -0.036 -0.126 -0.035 0.991
1764140252.548949718 121.438 -26.502 14.621 -0.036 -0.127 -0.036 0.991
1764140252.648491859 121.601 -26.5 14.655 -0.036 -0.128 -0.036 0.99
1764140252.748737335 121.738 -26.5 14.712 -0.036 -0.128 -0.038 0.99
1764140252.848291397 121.851 -26.556 14.745 -0.036 -0.128 -0.037 0.99
1764140252.948471546 122.004 -26.581 14.811 -0.036 -0.128 -0.034 0.991
1764140253.48034191 122.129 -26.635 14.836 -0.036 -0.129 -0.031 0.991
1764140253.148244381 122.336 -26.602 14.873 -0.037 -0.129 -0.028 0.991
1764140253.249662638 122.469 -26.64 14.933 -0.037 -0.129 -0.027 0.991
1764140253.348671436 122.647 -26.633 14.997 -0.037 -0.129 -0.024 0.991
1764140253.448224545 122.773 -26.649 15.054 -0.037 -0.129 -0.023 0.991
1764140253.548440695 122.957 -26.651 15.09 -0.037 -0.129 -0.022 0.991
1764140253.648673058 123.12 -26.685 15.072 -0.038 -0.13 -0.022 0.991
1764140253.748857975 123.28 -26.694 15.074 -0.038 -0.13 -0.022 0.991
1764140253.848407745 123.472 -26.717 15.152 -0.038 -0.13 -0.021 0.991
1764140253.949578762 123.62 -26.714 15.195 -0.038 -0.13 -0.022 0.991
1764140254.48863888 123.765 -26.745 15.246 -0.038 -0.13 -0.02 0.991
1764140254.149305820 123.896 -26.789 15.33 -0.038 -0.13 -0.019 0.991
1764140254.249276638 124.089 -26.786 15.365 -0.038 -0.13 -0.018 0.991
1764140254.348810673 124.223 -26.818 15.398 -0.039 -0.13 -0.017 0.991
1764140254.449072838 124.443 -26.807 15.452 -0.04 -0.13 -0.009 0.991
1764140254.549237490 124.547 -26.802 15.455 -0.039 -0.13 -0.013 0.991
1764140254.649453163 124.702 -26.843 15.494 -0.04 -0.131 -0.011 0.991
1764140254.749397755 124.83 -26.852 15.514 -0.04 -0.131 -0.01 0.991
1764140254.849566460 124.989 -26.889 15.56 -0.04 -0.131 -0.01 0.991
1764140254.949751854 125.16 -26.911 15.594 -0.04 -0.131 -0.01 0.99
1764140255.49008846 125.339 -26.822 15.633 -0.04 -0.132 -0.013 0.99
1764140255.149203300 125.438 -26.929 15.639 -0.04 -0.132 -0.013 0.99
1764140255.248751640 125.642 -26.886 15.708 -0.039 -0.133 -0.016 0.99
1764140255.348957062 125.753 -26.982 15.763 -0.039 -0.132 -0.017 0.99
1764140255.448564053 125.91 -26.986 15.808 -0.039 -0.133 -0.017 0.99
1764140255.548812866 126.09 -26.982 15.857 -0.039 -0.133 -0.019 0.99
1764140255.649010658 126.302 -26.978 15.904 -0.039 -0.133 -0.019 0.99
1764140255.748538256 126.395 -26.987 15.923 -0.039 -0.133 -0.019 0.99
1764140255.848718405 126.579 -27.033 15.971 -0.04 -0.133 -0.015 0.99
1764140255.948918343 126.741 -27.084 15.993 -0.04 -0.133 -0.013 0.99
1764140256.49135208 126.847 -27.097 16.028 -0.04 -0.133 -0.013 0.99
1764140256.149342060 126.982 -27.089 16.06 -0.04 -0.134 -0.013 0.99
1764140256.249598980 127.147 -27.111 16.12 -0.04 -0.134 -0.013 0.99
1764140256.349841356 127.318 -27.133 16.13 -0.04 -0.135 -0.013 0.99
1764140256.450088024 127.472 -27.142 16.185 -0.04 -0.135 -0.016 0.99
1764140256.549538612 127.636 -27.205 16.226 -0.04 -0.135 -0.017 0.99
1764140256.649797440 127.797 -27.153 16.251 -0.039 -0.136 -0.022 0.99
1764140256.749981403 127.92 -27.2 16.297 -0.038 -0.136 -0.029 0.99
1764140256.849561214 128.111 -27.198 16.357 -0.038 -0.136 -0.031 0.989
1764140256.949064255 128.228 -27.283 16.398 -0.038 -0.136 -0.032 0.989
1764140257.49287319 128.414 -27.278 16.414 -0.038 -0.137 -0.034 0.989
1764140257.149521351 128.534 -27.311 16.468 -0.038 -0.137 -0.036 0.989
1764140257.249134064 128.698 -27.325 16.527 -0.037 -0.137 -0.036 0.989
1764140257.349748611 128.87 -27.362 16.555 -0.038 -0.138 -0.035 0.989
1764140257.449521780 129.028 -27.365 16.592 -0.038 -0.138 -0.035 0.989
1764140257.549022198 129.174 -27.415 16.663 -0.038 -0.138 -0.033 0.989
1764140257.649249077 129.295 -27.392 16.719 -0.038 -0.138 -0.032 0.989
1764140257.749506950 129.43 -27.466 16.725 -0.038 -0.139 -0.031 0.989
1764140257.849021912 129.592 -27.431 16.789 -0.038 -0.139 -0.03 0.989
1764140257.949286938 129.747 -27.487 16.845 -0.038 -0.139 -0.03 0.989
1764140258.49465179 129.904 -27.534 16.888 -0.039 -0.139 -0.029 0.989
1764140258.150263071 130.067 -27.536 16.929 -0.038 -0.14 -0.03 0.989
1764140258.249235868 130.198 -27.558 16.987 -0.038 -0.14 -0.031 0.989
1764140258.349448204 130.375 -27.571 17.03 -0.038 -0.14 -0.031 0.989
1764140258.449622631 130.525 -27.621 17.085 -0.038 -0.141 -0.031 0.989
1764140258.549836636 130.65 -27.632 17.112 -0.038 -0.141 -0.032 0.989
1764140258.649392605 130.842 -27.687 17.186 -0.038 -0.141 -0.031 0.989
1764140258.749619007 130.96 -27.711 17.215 -0.038 -0.141 -0.032 0.989
1764140258.851550102 131.116 -27.735 17.255 -0.038 -0.142 -0.033 0.989
1764140258.950068951 131.312 -27.753 17.294 -0.038 -0.142 -0.033 0.989
1764140259.50261021 131.427 -27.805 17.324 -0.038 -0.143 -0.033 0.988
1764140259.150475025 131.621 -27.771 17.35 -0.038 -0.144 -0.037 0.988
1764140259.250016212 131.734 -27.801 17.417 -0.037 -0.144 -0.04 0.988
1764140259.350299358 131.873 -27.787 17.471 -0.037 -0.144 -0.043 0.988
1764140259.449820280 131.942 -27.836 17.509 -0.036 -0.145 -0.044 0.988
1764140259.549433231 132.163 -27.86 17.563 -0.037 -0.145 -0.041 0.988
1764140259.649571419 132.297 -27.905 17.617 -0.037 -0.145 -0.04 0.988
1764140259.749754429 132.44 -27.916 17.614 -0.038 -0.146 -0.04 0.988
1764140259.849324703 132.579 -27.954 17.651 -0.038 -0.146 -0.041 0.988
1764140259.949537039 132.751 -27.972 17.704 -0.038 -0.147 -0.041 0.988
1764140260.49771309 132.875 -27.991 17.751 -0.037 -0.147 -0.043 0.988
1764140260.149279118 133.043 -27.971 17.794 -0.037 -0.147 -0.043 0.988
1764140260.249488354 133.209 -28.015 17.823 -0.038 -0.148 -0.042 0.987
1764140260.349081755 133.312 -28.056 17.86 -0.038 -0.149 -0.041 0.987
1764140260.449298382 133.472 -28.033 17.933 -0.039 -0.149 -0.036 0.987
1764140260.549496174 133.59 -28.087 17.973 -0.039 -0.149 -0.031 0.988
1764140260.649705410 133.77 -28.086 17.998 -0.04 -0.149 -0.026 0.988
1764140260.749901295 133.909 -28.094 18.055 -0.041 -0.149 -0.022 0.988
1764140260.850109100 134.042 -28.044 18.139 -0.041 -0.149 -0.02 0.988
1764140260.950345993 134.219 -28.115 18.192 -0.041 -0.149 -0.02 0.988
1764140261.50536156 134.428 -27.993 18.269 -0.039 -0.15 -0.03 0.987
1764140261.151101589 134.491 -28.235 18.291 -0.039 -0.15 -0.033 0.987
1764140261.250461578 134.632 -28.147 18.315 -0.038 -0.15 -0.036 0.987
1764140261.349916458 134.871 -28.187 18.396 -0.038 -0.149 -0.034 0.987
1764140261.450090408 134.992 -28.215 18.44 -0.038 -0.149 -0.035 0.988
1764140261.550306797 135.183 -28.29 18.531 -0.038 -0.148 -0.035 0.988
1764140261.650530815 135.338 -28.287 18.563 -0.038 -0.148 -0.037 0.988
1764140261.750716209 135.51 -28.333 18.601 -0.038 -0.148 -0.036 0.988
1764140261.850302696 135.625 -28.35 18.637 -0.038 -0.148 -0.036 0.988
1764140261.953422546 135.805 -28.383 18.69 -0.039 -0.15 -0.034 0.987
1764140262.50659180 135.89 -28.385 18.698 -0.038 -0.15 -0.038 0.987
1764140262.150262833 136.06 -28.38 18.743 -0.038 -0.15 -0.038 0.987
1764140262.249832153 136.224 -28.417 18.749 -0.039 -0.152 -0.039 0.987
1764140262.350001574 136.371 -28.45 18.809 -0.039 -0.152 -0.04 0.987
1764140262.449557066 136.516 -28.445 18.862 -0.038 -0.152 -0.041 0.987
1764140262.549769402 136.678 -28.474 18.956 -0.038 -0.152 -0.042 0.987
1764140262.650046825 136.812 -28.496 19.012 -0.038 -0.152 -0.043 0.987
1764140262.752054691 136.993 -28.541 19.068 -0.038 -0.152 -0.039 0.987
1764140262.849824905 137.129 -28.509 19.1 -0.039 -0.152 -0.038 0.987
1764140262.950097561 137.316 -28.501 19.137 -0.039 -0.152 -0.037 0.987
1764140263.50238132 137.433 -28.519 19.158 -0.039 -0.153 -0.04 0.987
1764140263.150432110 137.573 -28.525 19.216 -0.039 -0.154 -0.039 0.987
1764140263.250652790 137.721 -28.581 19.253 -0.04 -0.155 -0.039 0.986
1764140263.350927114 137.852 -28.566 19.286 -0.04 -0.155 -0.038 0.986
1764140263.451070309 138.012 -28.572 19.353 -0.04 -0.155 -0.037 0.986
1764140263.550575972 138.183 -28.646 19.409 -0.04 -0.155 -0.036 0.986
1764140263.652084827 138.322 -28.621 19.44 -0.04 -0.156 -0.038 0.986
1764140263.751015663 138.464 -28.613 19.528 -0.04 -0.155 -0.038 0.986
1764140263.850560188 138.636 -28.642 19.575 -0.04 -0.156 -0.038 0.986
1764140263.950837135 138.762 -28.692 19.629 -0.04 -0.156 -0.039 0.986
1764140264.50328970 138.949 -28.656 19.67 -0.04 -0.156 -0.036 0.986
1764140264.150558949 139.045 -28.654 19.74 -0.04 -0.156 -0.038 0.986
1764140264.250094891 139.215 -28.668 19.778 -0.04 -0.157 -0.035 0.986
1764140264.350303173 139.354 -28.677 19.866 -0.04 -0.156 -0.035 0.986
1764140264.450569868 139.491 -28.77 19.912 -0.041 -0.157 -0.032 0.986
1764140264.550789595 139.655 -28.733 19.94 -0.041 -0.157 -0.035 0.986
1764140264.650316000 139.799 -28.785 20.0 -0.041 -0.157 -0.033 0.986
1764140264.750571251 139.946 -28.77 20.032 -0.041 -0.158 -0.033 0.986
1764140264.850717545 140.107 -28.79 20.111 -0.041 -0.157 -0.03 0.986
1764140264.950345516 140.223 -28.807 20.153 -0.041 -0.158 -0.032 0.986
1764140265.50530910 140.431 -28.833 20.216 -0.041 -0.158 -0.034 0.986
1764140265.151354790 140.611 -28.836 20.236 -0.04 -0.159 -0.042 0.986
1764140265.251796246 140.75 -28.836 20.299 -0.038 -0.159 -0.052 0.985
1764140265.351152420 140.895 -28.882 20.359 -0.037 -0.16 -0.059 0.985
1764140265.450748682 141.015 -28.933 20.36 -0.037 -0.161 -0.063 0.984
1764140265.550214767 141.157 -28.957 20.364 -0.037 -0.162 -0.065 0.984
1764140265.650424957 141.346 -28.983 20.432 -0.037 -0.162 -0.068 0.984
1764140265.750653744 141.455 -29.027 20.528 -0.036 -0.162 -0.068 0.984
1764140265.850897789 141.621 -29.032 20.543 -0.037 -0.163 -0.068 0.984
1764140265.951125383 141.762 -29.105 20.63 -0.037 -0.163 -0.065 0.984
1764140266.51348209 141.918 -29.09 20.653 -0.037 -0.163 -0.066 0.984
1764140266.151544571 142.092 -29.15 20.714 -0.037 -0.164 -0.066 0.984
1764140266.251097441 142.193 -29.138 20.766 -0.037 -0.164 -0.066 0.984
1764140266.351258755 142.353 -29.203 20.841 -0.038 -0.163 -0.06 0.984
1764140266.450883389 142.441 -29.233 20.86 -0.039 -0.163 -0.057 0.984
1764140266.551148891 142.603 -29.238 20.947 -0.04 -0.163 -0.049 0.985
1764140266.651249409 142.772 -29.235 20.996 -0.041 -0.162 -0.043 0.985
1764140266.751518250 142.91 -29.221 21.057 -0.041 -0.162 -0.041 0.985
1764140266.851324320 143.076 -29.244 21.124 -0.042 -0.162 -0.04 0.985
1764140266.951218843 143.238 -29.294 21.141 -0.043 -0.163 -0.037 0.985
1764140267.50817013 143.38 -29.228 21.184 -0.043 -0.163 -0.039 0.985
1764140267.150982857 143.542 -29.314 21.235 -0.043 -0.163 -0.036 0.985
1764140267.251194000 143.71 -29.334 21.287 -0.043 -0.164 -0.04 0.985
1764140267.350824833 143.764 -29.457 21.354 -0.043 -0.163 -0.037 0.985
1764140267.451014280 143.98 -29.332 21.352 -0.044 -0.164 -0.038 0.985
1764140267.551228523 144.138 -29.358 21.463 -0.043 -0.163 -0.036 0.985
1764140267.651430607 144.281 -29.332 21.444 -0.043 -0.164 -0.04 0.985
1764140267.751601696 144.423 -29.404 21.563 -0.042 -0.163 -0.038 0.985
1764140267.851158142 144.57 -29.418 21.587 -0.043 -0.164 -0.039 0.985
1764140267.951370478 144.739 -29.437 21.643 -0.043 -0.164 -0.04 0.985
1764140268.51677465 144.836 -29.485 21.681 -0.042 -0.165 -0.041 0.985
1764140268.151804209 145.042 -29.487 21.739 -0.042 -0.165 -0.041 0.985
1764140268.251388311 145.187 -29.474 21.752 -0.043 -0.165 -0.043 0.984
1764140268.352447033 145.363 -29.573 21.827 -0.044 -0.164 -0.039 0.985
1764140268.451781511 145.523 -29.568 21.861 -0.043 -0.165 -0.041 0.985
1764140268.551326275 145.653 -29.606 21.884 -0.043 -0.165 -0.04 0.985
1764140268.651542664 145.798 -29.611 21.912 -0.043 -0.165 -0.042 0.985
1764140268.751750231 145.969 -29.6 21.957 -0.043 -0.165 -0.042 0.985
1764140268.851366997 146.111 -29.617 21.996 -0.043 -0.165 -0.042 0.984
1764140268.951524258 146.264 -29.669 22.058 -0.043 -0.165 -0.04 0.984
1764140269.51129818 146.402 -29.636 22.111 -0.043 -0.165 -0.04 0.984
1764140269.153431416 146.534 -29.619 22.132 -0.043 -0.166 -0.042 0.984
1764140269.250909805 146.728 -29.641 22.18 -0.041 -0.166 -0.041 0.984
1764140269.351091862 146.877 -29.678 22.263 -0.042 -0.167 -0.041 0.984
1764140269.451326609 147.005 -29.664 22.266 -0.041 -0.167 -0.044 0.984
1764140269.550812006 147.202 -29.73 22.299 -0.04 -0.167 -0.039 0.984
1764140269.651026726 147.296 -29.704 22.339 -0.039 -0.168 -0.043 0.984
1764140269.751330376 147.5 -29.727 22.395 -0.038 -0.168 -0.044 0.984
1764140269.851447344 147.625 -29.77 22.415 -0.038 -0.167 -0.044 0.984
1764140269.952143431 147.802 -29.728 22.506 -0.037 -0.167 -0.044 0.984
1764140270.51215649 147.94 -29.812 22.55 -0.037 -0.167 -0.046 0.984
1764140270.151431084 148.091 -29.827 22.609 -0.036 -0.168 -0.047 0.984
1764140270.251664400 148.229 -29.847 22.615 -0.036 -0.168 -0.049 0.984
1764140270.351859093 148.394 -29.885 22.738 -0.036 -0.168 -0.048 0.984
1764140270.452073097 148.528 -29.809 22.724 -0.036 -0.169 -0.052 0.984
1764140270.551624775 148.676 -29.92 22.812 -0.035 -0.169 -0.051 0.984
1764140270.651871204 148.807 -29.937 22.888 -0.035 -0.168 -0.051 0.984
1764140270.753305435 148.945 -29.968 22.934 -0.035 -0.169 -0.052 0.984
1764140270.851656437 149.099 -29.963 23.0 -0.035 -0.169 -0.052 0.984
1764140270.951817274 149.28 -29.976 23.049 -0.035 -0.168 -0.051 0.984
1764140271.52069902 149.432 -30.002 23.097 -0.034 -0.169 -0.056 0.983
1764140271.152258396 149.591 -30.062 23.169 -0.034 -0.169 -0.063 0.983
1764140271.252456665 149.731 -29.992 23.202 -0.031 -0.17 -0.076 0.982
1764140271.352010727 149.938 -29.99 23.275 -0.029 -0.17 -0.088 0.981
1764140271.451606035 150.02 -30.103 23.302 -0.026 -0.171 -0.098 0.98
1764140271.551785707 150.238 -30.099 23.39 -0.023 -0.171 -0.114 0.978
1764140271.651345253 150.367 -30.059 23.421 -0.019 -0.173 -0.14 0.975
1764140271.750894547 150.462 -30.084 23.459 -0.018 -0.174 -0.142 0.974
1764140271.850442648 150.588 -30.202 23.517 -0.018 -0.174 -0.142 0.974
1764140271.950646877 150.739 -30.233 23.53 -0.017 -0.175 -0.146 0.974
1764140272.50909042 150.844 -30.288 23.57 -0.017 -0.175 -0.147 0.973
1764140272.151732445 151.017 -30.21 23.61 -0.016 -0.176 -0.151 0.973
1764140272.251939297 151.176 -30.241 23.659 -0.015 -0.177 -0.151 0.972
1764140272.352175474 151.311 -30.294 23.677 -0.016 -0.178 -0.149 0.973
1764140272.452431202 151.48 -30.259 23.697 -0.016 -0.18 -0.15 0.972
1764140272.552633762 151.637 -30.292 23.776 -0.015 -0.18 -0.15 0.972
1764140272.652832985 151.75 -30.338 23.836 -0.016 -0.18 -0.15 0.972
1764140272.752350330 151.922 -30.323 23.9 -0.016 -0.18 -0.15 0.972
1764140272.852618694 152.043 -30.317 24.012 -0.015 -0.178 -0.153 0.972
1764140272.952851295 152.22 -30.361 24.079 -0.016 -0.177 -0.152 0.972
1764140273.52440643 152.283 -30.611 24.094 -0.015 -0.175 -0.143 0.974
1764140273.155125141 152.447 -30.482 24.094 -0.014 -0.174 -0.13 0.976
1764140273.252120972 152.687 -30.398 24.163 -0.016 -0.174 -0.118 0.977
1764140273.352311134 152.835 -30.475 24.216 -0.016 -0.174 -0.111 0.978
1764140273.452517033 152.953 -30.46 24.27 -0.016 -0.175 -0.107 0.979
1764140273.552800179 153.107 -30.441 24.309 -0.018 -0.177 -0.108 0.978
1764140273.652289152 153.297 -30.435 24.352 -0.017 -0.177 -0.108 0.978
1764140273.752503872 153.44 -30.45 24.41 -0.017 -0.177 -0.109 0.978
1764140273.852047443 153.558 -30.491 24.448 -0.017 -0.177 -0.109 0.978
1764140273.953439236 153.689 -30.503 24.512 -0.016 -0.176 -0.11 0.978
1764140274.51817417 153.865 -30.483 24.577 -0.016 -0.176 -0.109 0.978
1764140274.151372671 153.988 -30.545 24.646 -0.017 -0.175 -0.102 0.979
1764140274.252312899 154.208 -30.51 24.694 -0.017 -0.177 -0.102 0.979
1764140274.351789236 154.297 -30.515 24.727 -0.016 -0.177 -0.104 0.978
1764140274.452013254 154.433 -30.508 24.752 -0.016 -0.178 -0.103 0.979
1764140274.552274704 154.594 -30.554 24.81 -0.016 -0.178 -0.098 0.979
1764140274.652958393 154.755 -30.555 24.876 -0.018 -0.177 -0.092 0.98
1764140274.752053261 154.904 -30.589 24.946 -0.018 -0.177 -0.086 0.98
1764140274.852205753 154.976 -30.568 24.958 -0.021 -0.177 -0.072 0.981
1764140274.952462673 155.232 -30.587 25.054 -0.022 -0.177 -0.065 0.982
1764140275.53312778 155.386 -30.577 25.1 -0.022 -0.178 -0.068 0.982
1764140275.152845621 155.5 -30.597 25.189 -0.022 -0.177 -0.067 0.982
1764140275.253095388 155.653 -30.657 25.252 -0.023 -0.175 -0.061 0.982
